0,0,0,0,0,0,0,0,0,0,0,0,0,0,0,0,0,0,0,0,0,0,0,0,0,0,0,0,0,0,0,0,0,0,0,0,0,0,0,0,0,0,0,0,0,0,0,0,0,0,0,0,0,0,0,0,0,0,0,0,0,0,0,0,0,0,0,0,0,0,0,0,0,0,0,0,0,0,0,0,0,0,0,0,0,0,0,0,0,0,0,0,0,0,0,0
0,307,308,292,306,305,312,307,84,57,33,16,31,62,319,354,14,60,326,12,13,26,77,303,317,318,350,279,0,277,348,353,53,338,315,296,339,90,90,321,0,0,27,82,74,60,82,90,75,274,73,55,71,290,292,279,279,287,299,289,304,6,338,6,306,310,80,86,82,79,332,60,10,333,6,24,318,303,301,275,25,343,325,309,358,312,80,276,315,336,5,0,351,288,64,0
0,308,312,316,48,315,308,299,288,276,56,24,27,45,333,6,15,66,345,3,344,0,340,16,5,358,11,74,274,90,29,357,321,14,24,67,37,307,59,309,293,347,354,293,316,319,70,279,351,67,86,53,59,294,291,86,282,297,300,289,288,324,300,6,296,316,75,82,315,298,340,59,341,66,43,41,285,295,296,286,82,26,318,308,63,29,5,345,344,329,308,277,36,344,20,0
0,303,303,289,282,273,20,319,296,299,305,24,7,63,1,4,356,339,349,340,339,322,282,57,49,78,59,11,58,82,58,9,285,58,37,42,52,326,352,342,319,291,302,273,291,295,72,278,332,347,66,24,30,299,304,82,302,322,313,300,289,307,316,28,2,278,272,65,0,318,288,306,90,57,14,351,35,274,291,296,290,281,63,37,73,88,274,84,49,17,317,272,82,284,282,0
0,270,85,77,276,281,279,71,0,303,295,88,71,281,330,336,319,285,82,42,303,301,88,46,48,330,40,319,320,299,290,80,82,54,29,52,69,356,347,47,32,296,356,79,48,12,22,305,338,321,284,307,322,81,36,15,287,319,313,298,297,327,334,90,35,73,306,284,285,273,290,344,348,65,282,313,304,282,69,59,291,90,80,285,315,323,12,49,61,29,281,74,84,275,276,0
0,271,286,300,275,57,84,80,276,80,281,80,89,287,312,318,315,305,291,49,77,289,70,18,4,352,357,342,338,317,284,18,14,347,0,315,82,37,320,58,291,319,10,39,296,341,330,41,355,307,88,292,296,87,272,326,29,338,342,333,90,340,326,278,54,288,20,60,66,87,306,322,310,74,90,327,301,279,86,295,329,288,330,315,311,292,309,326,279,84,72,72,63,284,320,0
0,309,339,325,280,81,283,299,332,299,336,30,289,289,313,332,351,30,78,36,84,82,80,90,291,43,15,20,1,3,26,345,41,345,337,316,26,90,61,78,318,0,328,315,278,49,45,78,311,277,82,296,293,79,277,318,315,32,14,41,282,6,345,279,26,57,282,316,338,340,299,305,307,313,18,90,276,280,297,315,296,86,276,290,78,311,315,323,276,67,84,63,344,78,306,0
0,294,90,58,271,26,280,294,297,291,351,300,89,276,349,338,341,341,45,14,300,70,279,43,62,81,66,321,340,318,304,57,53,319,347,349,0,45,15,290,355,12,315,341,21,291,310,47,84,78,79,318,299,65,297,332,334,329,326,315,341,20,47,75,23,21,308,294,285,304,336,298,322,315,283,65,62,295,336,336,279,58,87,312,280,83,58,333,75,56,299,315,26,59,90,0
0,287,275,273,280,305,305,0,302,300,302,53,279,315,77,344,332,320,296,291,78,81,275,80,53,285,346,282,277,298,300,66,59,320,278,7,330,342,2,9,15,38,297,335,354,0,356,9,30,90,326,329,297,51,36,21,17,351,346,24,53,276,301,0,342,343,56,277,292,335,341,324,3,16,72,311,334,20,356,17,277,303,278,23,68,275,277,86,5,55,271,278,87,68,74,0
0,279,277,289,301,306,306,309,302,327,307,301,292,345,89,50,8,338,352,45,70,74,281,279,64,292,315,80,82,302,288,273,293,325,315,41,10,0,348,84,15,35,311,310,321,272,46,34,22,323,340,279,327,23,25,26,32,307,70,33,40,305,334,344,335,348,355,0,296,329,326,290,37,41,82,305,321,273,9,7,66,333,321,26,16,90,289,285,326,319,299,45,90,0,26,0
0,270,288,343,338,305,309,319,317,69,342,299,286,294,17,63,76,49,348,354,51,71,304,282,63,294,287,80,272,307,300,324,7,85,80,288,7,290,80,80,35,35,342,343,347,63,39,31,0,41,30,333,333,340,336,323,280,77,73,20,331,41,7,304,282,6,349,336,90,287,301,283,41,20,57,345,338,323,12,354,81,48,90,327,349,0,90,307,318,291,284,273,283,316,63,0
0,274,302,329,301,308,325,314,301,287,305,38,310,305,333,0,83,315,19,353,2,21,310,64,74,287,275,84,297,318,294,339,0,72,297,277,292,75,61,74,53,21,356,6,12,333,21,21,16,344,356,36,275,322,302,292,287,88,58,24,27,274,275,296,294,63,35,63,39,15,318,274,23,344,276,35,350,339,338,335,298,71,296,357,21,65,0,42,90,56,286,290,335,0,56,0
0,275,325,322,319,8,47,342,300,296,311,300,90,12,357,0,53,316,88,13,356,53,278,60,75,316,273,24,348,345,319,337,343,339,280,74,271,276,35,277,69,286,78,13,289,292,3,19,80,306,307,48,90,334,90,289,315,284,37,55,85,79,76,300,299,279,76,275,38,345,28,284,316,286,271,90,24,343,32,299,295,316,298,23,21,71,32,43,321,357,340,9,3,0,285,0
0,90,1,12,28,7,326,16,334,305,298,279,274,85,35,24,42,308,282,42,17,48,81,41,333,18,62,299,12,352,345,5,0,347,19,56,275,291,281,29,57,283,79,77,286,65,333,3,48,352,21,307,86,26,0,353,342,299,60,36,49,54,305,45,344,313,282,86,66,337,20,277,283,86,84,287,293,28,1,293,322,332,18,341,334,65,16,0,5,4,39,41,60,82,35,0
0,328,338,348,332,323,280,86,25,19,79,87,274,85,47,30,81,81,298,2,9,1,21,55,322,339,306,66,323,1,17,25,14,15,14,18,75,276,301,337,349,36,5,278,305,69,332,338,280,43,62,294,278,281,330,15,333,278,71,308,271,69,272,90,73,62,56,30,41,349,357,28,70,71,77,283,297,285,354,281,55,31,57,306,314,276,17,296,16,327,31,26,58,274,81,0
0,338,339,335,305,300,312,326,354,10,357,23,89,80,358,275,76,89,308,331,339,338,342,339,7,347,281,82,316,3,23,30,8,325,316,293,325,25,301,328,333,66,290,311,63,0,338,305,85,54,60,289,284,280,296,285,84,65,72,273,61,56,274,78,78,84,293,343,8,345,335,308,342,17,62,291,315,333,9,278,59,28,46,332,320,274,69,281,309,285,17,347,335,350,58,0
0,293,89,57,35,316,336,318,272,82,52,37,73,279,352,37,42,51,351,343,327,318,317,272,56,79,298,301,19,5,9,8,0,310,277,284,325,352,284,336,337,288,90,348,36,288,328,273,40,49,68,287,304,290,312,339,345,325,73,289,321,90,276,319,281,26,65,302,294,51,339,291,314,333,315,52,30,6,352,341,8,13,323,34,11,341,300,290,280,284,21,353,343,313,284,0
0,271,84,282,296,59,340,295,77,86,75,62,87,299,321,304,284,289,4,329,307,298,288,77,69,282,300,274,65,41,13,0,0,34,63,336,352,354,2,345,344,324,315,21,26,76,308,75,44,54,70,300,1,36,57,33,82,279,72,276,298,276,281,315,84,276,332,287,308,277,333,274,315,315,287,274,58,11,0,7,17,28,36,36,30,45,90,59,70,285,274,32,357,277,88,0
0,17,53,322,302,276,90,90,50,63,80,82,285,312,326,319,325,2,315,309,307,300,281,72,66,338,339,67,58,56,47,51,71,9,343,13,1,347,336,10,1,23,75,46,30,58,286,88,48,28,61,1,17,40,64,71,282,90,30,5,326,282,301,317,71,85,296,284,81,62,77,300,328,308,287,287,86,47,41,24,1,59,59,272,274,80,0,24,45,287,310,340,296,76,84,0
0,286,286,69,338,275,304,326,356,6,30,63,308,312,324,331,347,343,65,34,308,312,324,12,357,2,9,343,20,49,275,297,353,348,26,352,336,333,341,16,0,18,80,72,17,22,70,309,341,334,83,25,18,25,36,81,305,315,53,66,90,48,22,303,45,40,273,288,287,90,279,315,82,76,285,308,278,69,73,15,347,12,23,74,77,87,273,287,280,86,82,90,273,273,279,0
0,344,31,71,287,303,354,353,350,313,328,321,5,0,348,346,341,323,274,68,333,357,332,46,71,324,323,39,20,43,295,296,294,83,82,80,45,19,13,273,339,340,350,71,19,16,37,8,57,297,79,49,39,15,0,14,326,310,321,309,0,32,65,286,274,327,329,47,27,57,77,84,0,14,319,317,85,83,289,33,43,301,277,277,299,7,59,289,86,75,82,86,277,304,316,0
0,57,70,299,16,86,46,3,329,282,312,315,54,50,9,356,355,19,70,318,45,61,309,38,35,358,342,52,15,40,315,273,273,81,85,271,71,60,32,54,337,332,316,304,348,351,297,19,45,87,75,61,63,45,4,284,26,6,345,33,66,53,70,282,287,304,294,70,59,64,63,86,290,281,85,272,301,61,45,358,21,315,74,296,303,315,319,90,339,20,49,90,330,351,345,0
0,36,86,45,67,284,73,282,281,298,312,317,80,53,8,351,341,341,329,19,26,36,30,46,304,316,296,71,27,50,297,66,79,68,67,85,81,74,14,324,0,343,325,312,286,296,282,42,27,45,53,52,306,281,311,287,289,43,30,45,69,77,18,32,313,313,81,66,84,288,56,51,280,286,278,274,276,83,275,327,318,81,293,60,33,309,292,278,292,320,329,63,34,42,45,0
0,311,57,11,321,32,30,61,273,321,329,345,317,37,14,347,333,313,287,73,323,63,34,49,274,297,287,81,36,299,327,17,38,84,47,46,83,16,66,300,34,357,329,310,286,90,273,80,49,13,345,317,41,68,288,291,313,75,313,317,296,67,295,310,45,309,48,70,289,305,66,45,90,284,298,90,90,90,310,337,306,75,276,85,289,21,286,288,296,323,326,58,30,58,333,0
0,274,8,308,308,59,8,4,352,350,337,332,323,39,90,39,0,316,307,299,327,29,12,1,351,343,316,344,54,284,310,337,340,66,16,25,21,18,51,304,57,34,30,14,62,57,272,296,277,45,24,55,41,61,290,322,339,32,82,307,301,59,298,315,275,353,24,57,300,309,284,45,45,87,291,85,49,52,67,19,287,272,85,72,291,310,303,56,23,352,332,56,25,348,10,0
0,0,304,307,16,334,352,302,68,48,25,345,335,36,21,278,308,278,311,327,332,348,332,313,284,60,48,37,59,278,299,308,318,331,8,333,59,7,24,301,65,51,69,279,349,19,291,353,14,298,67,59,65,68,308,347,356,349,330,14,7,336,16,348,294,335,336,319,45,6,36,294,317,318,23,45,55,51,62,296,26,333,8,42,282,301,308,277,28,355,312,82,18,296,334,0
0,90,295,315,8,4,323,87,58,70,87,354,347,23,56,75,277,287,319,347,6,345,306,276,274,272,65,46,67,83,283,304,319,327,326,308,45,16,40,73,61,55,75,307,329,315,75,47,78,285,42,42,70,62,332,351,355,323,290,49,33,87,57,72,327,316,297,284,90,77,87,315,352,311,42,30,339,340,349,308,313,72,319,335,74,22,351,307,354,81,295,273,27,289,307,0
0,82,271,288,85,68,279,68,30,50,32,81,316,332,8,41,279,304,346,5,19,0,302,277,80,80,55,51,75,59,310,334,337,334,305,78,50,43,56,44,27,35,276,357,335,307,80,46,348,341,7,12,70,290,347,349,334,296,69,53,67,90,54,275,343,84,274,86,271,279,310,349,9,51,45,338,80,318,354,80,327,315,15,356,48,53,72,90,70,54,305,86,56,287,90,0
0,87,277,318,66,34,78,294,90,283,35,51,328,334,319,294,281,67,5,0,312,281,346,278,325,327,331,288,286,297,61,48,41,19,329,68,37,36,279,337,321,309,87,26,3,327,13,58,327,44,34,39,67,303,345,349,333,306,48,50,81,276,73,323,3,14,63,63,75,299,324,327,287,58,90,319,56,14,3,277,32,296,299,351,356,14,56,84,274,83,290,287,276,286,72,0
0,41,36,342,82,43,72,329,343,82,1,336,10,359,338,298,300,293,4,346,88,340,17,317,346,68,82,87,284,309,46,13,23,31,331,32,30,34,311,85,323,293,283,55,42,14,25,68,353,38,47,45,62,343,351,344,323,295,48,32,275,325,331,7,13,20,59,14,330,2,330,313,288,73,283,280,66,76,87,29,51,296,81,306,34,33,46,69,275,280,277,284,295,291,87,0
0,320,51,275,84,50,50,352,337,87,288,290,55,19,26,73,275,315,347,336,346,27,47,320,329,37,47,65,309,327,323,318,323,317,42,34,26,31,332,329,329,318,340,353,86,317,346,278,17,23,32,50,343,18,27,40,82,48,40,8,275,30,39,53,39,25,29,63,322,50,12,300,300,271,88,67,60,90,304,329,16,303,296,288,12,3,3,24,83,278,89,274,288,303,304,0
0,279,347,355,18,280,85,24,25,81,306,59,55,29,17,40,291,282,309,350,26,26,33,338,309,56,2,306,6,332,291,84,345,299,61,43,17,356,341,296,284,71,62,68,83,290,302,272,49,6,330,310,47,18,19,37,281,313,312,318,90,0,7,20,51,66,39,75,308,61,293,354,349,302,51,32,31,84,311,318,310,291,69,311,311,319,321,320,307,78,61,58,279,310,306,0
0,345,329,330,325,66,304,5,24,83,295,317,10,12,316,288,288,30,303,347,355,324,288,73,19,296,308,292,65,32,349,289,26,84,61,59,49,34,58,78,75,73,82,81,85,286,289,277,279,8,282,273,83,62,12,4,342,335,326,290,81,71,12,357,354,36,39,84,320,61,85,302,65,86,344,342,317,281,30,312,300,304,313,33,328,7,342,327,315,295,318,354,74,320,301,0
0,65,292,335,12,69,300,343,343,296,48,26,25,0,76,302,332,321,35,3,333,275,275,283,88,89,272,83,86,80,90,306,61,6,26,57,65,67,61,61,64,70,272,276,283,307,308,294,312,352,38,84,275,273,56,25,315,344,331,289,69,281,53,354,289,39,19,90,335,52,72,302,272,72,311,315,287,283,307,74,324,303,302,309,70,10,15,353,346,358,20,20,12,340,304,0
0,78,295,347,5,32,343,358,347,282,37,7,349,299,10,10,355,272,56,57,17,87,87,274,287,295,86,69,83,271,290,322,74,35,45,67,69,60,40,39,45,59,297,280,295,316,324,311,318,358,20,78,312,342,38,27,336,25,0,26,24,16,72,321,319,343,321,282,68,41,56,313,297,67,304,322,88,280,329,317,36,316,299,313,282,350,313,354,17,21,353,316,279,278,275,0
0,48,59,16,0,82,39,29,28,275,322,293,281,288,79,303,296,72,56,293,350,77,51,67,325,327,64,61,66,303,320,317,86,35,27,39,53,3,2,9,9,77,53,40,286,313,314,296,300,353,11,80,343,31,313,308,34,53,81,275,274,67,71,301,324,280,16,45,41,10,358,316,275,61,303,329,357,45,21,334,71,283,41,0,349,296,327,3,19,31,12,284,76,275,276,0
0,90,339,350,336,54,51,38,27,280,312,90,306,343,315,90,71,59,69,357,12,50,18,28,353,355,341,344,348,345,298,83,81,71,19,313,294,16,17,20,42,311,315,338,302,344,330,311,325,351,358,90,359,20,298,280,66,62,278,289,75,48,70,303,310,287,68,69,18,311,331,0,90,21,323,333,353,23,68,65,83,284,81,45,37,42,351,349,348,346,81,45,271,277,85,0
0,90,333,354,332,24,16,340,341,61,30,61,63,74,72,342,18,45,289,344,6,59,49,277,340,347,8,295,329,341,57,60,81,287,316,320,326,22,23,36,78,279,285,285,29,325,324,306,320,355,353,72,19,56,272,280,81,80,293,81,63,33,65,303,308,307,281,53,29,306,333,65,76,291,292,24,0,4,0,19,67,305,86,18,354,55,51,13,327,311,272,61,87,276,41,0
0,60,310,36,37,309,274,300,301,77,84,61,57,284,334,4,355,338,79,342,355,31,64,322,341,327,315,62,333,66,333,1,352,1,12,59,329,348,357,10,71,271,280,298,299,85,283,296,323,354,348,57,31,75,271,300,335,36,33,12,34,354,354,333,323,310,312,356,8,337,351,33,43,315,326,51,5,346,45,24,59,31,56,318,280,45,68,291,317,300,274,66,277,284,80,0
0,349,7,0,16,80,88,296,290,78,280,51,25,351,3,0,309,292,298,24,0,3,80,354,346,340,346,75,21,38,344,327,307,30,0,22,340,331,341,331,285,272,289,355,322,294,64,294,347,355,352,19,7,315,24,15,35,46,292,319,81,280,295,279,60,0,319,341,336,23,44,312,303,63,1,63,21,276,61,313,51,295,31,78,83,32,275,11,0,345,88,54,82,276,85,0
0,29,329,38,357,353,51,294,280,86,322,41,354,0,333,90,85,282,310,274,3,352,71,341,298,325,5,77,308,50,84,274,297,289,2,304,53,348,340,331,286,75,81,289,300,331,49,55,9,357,349,31,355,326,19,15,31,49,321,329,42,70,296,278,88,308,65,356,276,45,69,302,320,350,77,69,0,41,70,14,49,316,301,11,46,34,353,15,17,46,311,355,53,68,85,0
0,346,33,74,45,19,288,288,63,301,321,282,90,26,352,52,68,315,357,36,341,337,292,30,37,1,7,19,323,61,66,271,306,296,281,312,59,281,338,351,11,345,16,332,342,8,14,45,25,7,349,80,18,35,347,357,4,13,9,30,297,294,74,3,66,307,274,20,41,39,74,336,353,13,344,63,67,14,28,3,2,337,323,18,331,293,16,18,293,305,60,43,62,66,77,0
0,323,347,29,77,282,85,81,275,85,57,77,48,51,301,350,0,10,14,45,342,322,281,75,76,77,48,15,289,22,43,29,358,321,312,304,43,72,337,351,18,293,296,65,28,284,27,29,25,24,16,356,7,10,308,319,308,296,55,36,81,286,297,331,9,300,292,288,345,345,287,12,333,302,279,78,84,272,341,322,302,278,42,294,304,270,61,52,79,284,80,59,66,66,76,0
0,23,3,340,60,50,347,29,72,88,82,273,70,55,293,309,292,42,356,281,13,309,275,75,60,69,272,308,56,353,80,61,82,292,325,305,22,333,0,354,343,14,299,302,300,79,53,39,29,25,15,297,328,297,327,278,293,293,271,27,23,313,318,353,15,88,295,310,317,306,278,48,329,284,273,66,274,297,309,288,280,292,90,84,277,77,78,64,66,280,87,60,61,50,66,0
0,339,343,330,281,90,10,5,13,75,72,288,75,40,283,301,287,73,26,351,355,284,34,345,329,321,286,308,272,23,53,336,56,8,334,279,46,14,357,342,316,293,88,62,70,82,80,65,46,22,3,290,329,304,291,281,273,345,90,63,311,72,41,8,12,60,283,293,299,310,290,77,314,276,77,344,56,305,297,289,275,296,291,288,72,48,77,72,71,281,277,281,55,14,36,0
0,355,327,317,282,87,61,65,68,24,19,339,315,348,75,315,276,285,276,273,352,70,340,288,307,315,302,53,12,3,18,20,71,34,29,90,23,299,310,305,300,286,87,71,75,87,84,69,84,340,348,349,351,352,71,71,284,297,327,57,32,65,65,41,16,7,71,283,299,309,303,293,315,272,278,328,329,85,290,317,348,49,25,353,8,11,50,69,82,273,274,288,274,357,310,0
0,7,311,340,271,61,64,277,296,39,80,298,45,43,320,70,50,296,326,9,31,79,308,289,90,293,301,276,65,67,283,286,275,81,39,70,278,278,31,349,314,281,80,62,63,285,286,323,24,81,307,309,69,355,8,7,307,311,310,286,11,352,21,32,14,323,279,293,354,332,322,308,324,275,78,299,312,312,321,358,353,341,3,338,7,0,327,319,353,55,90,312,313,61,82,0
0,10,345,7,356,14,19,327,358,348,59,291,18,315,71,299,304,66,50,40,28,40,338,339,63,58,279,277,88,275,88,273,303,78,50,71,276,283,85,77,275,349,21,358,3,303,88,305,357,31,298,306,301,309,357,329,277,338,305,299,84,29,17,1,0,81,88,287,279,48,33,29,13,15,352,273,290,285,292,64,27,11,296,339,333,325,303,294,285,280,275,76,55,49,67,0
0,343,42,11,312,327,281,70,69,83,71,308,349,34,45,78,277,88,59,311,310,306,43,28,280,345,27,77,284,303,86,26,20,14,29,53,85,287,278,86,284,295,322,2,55,83,85,281,301,306,289,0,345,356,66,72,39,29,326,318,89,65,38,26,278,7,63,275,286,69,45,42,44,60,311,333,60,89,294,88,74,294,90,47,302,323,304,275,270,273,272,271,78,44,23,0
0,343,34,7,289,294,276,277,272,51,74,305,303,271,49,31,90,332,52,280,337,9,8,10,85,306,325,342,300,337,15,47,354,7,11,325,341,275,279,274,315,346,21,39,64,76,79,273,290,295,292,279,43,21,60,0,87,292,83,51,31,75,33,328,271,31,41,75,293,82,38,51,22,14,7,11,4,3,334,309,280,283,278,88,278,308,285,87,74,90,277,288,286,343,295,0
0,90,54,46,69,274,290,335,284,27,69,296,288,291,273,37,303,2,336,65,48,85,338,14,40,306,330,327,309,5,339,302,54,54,83,53,295,318,308,4,38,52,47,35,13,83,87,288,305,306,308,306,272,10,83,58,79,286,292,345,16,330,45,284,87,59,59,87,282,88,88,271,14,0,1,353,322,313,276,18,291,59,281,300,297,271,83,296,14,355,80,317,328,323,68,0
0,86,39,38,60,296,356,0,30,340,322,0,291,311,302,78,81,289,302,59,17,9,358,0,336,38,34,357,327,18,299,86,38,41,309,3,300,339,273,40,42,42,24,326,83,77,273,307,324,321,338,334,328,36,68,58,272,320,344,332,299,76,60,65,80,69,62,84,275,272,292,312,67,30,343,321,277,290,297,285,84,335,344,15,11,312,315,31,278,321,311,310,323,334,16,0
0,284,336,2,84,329,354,295,79,16,276,279,296,327,295,278,271,302,325,302,296,63,36,22,45,33,62,282,274,77,84,71,36,358,348,350,351,345,276,34,32,13,303,67,76,277,308,344,341,318,295,346,351,0,46,62,305,320,327,322,83,60,69,65,59,46,59,88,276,333,5,20,85,84,49,47,310,59,300,290,273,285,286,66,45,271,280,51,284,353,329,26,22,15,42,0
0,341,14,30,85,299,322,352,14,320,315,324,344,350,313,312,60,11,358,0,26,60,69,40,38,31,63,282,280,87,84,85,80,31,14,338,340,3,288,24,14,317,70,47,84,333,2,358,334,316,306,32,3,5,18,69,312,328,351,15,349,18,52,59,58,50,79,309,40,42,36,29,323,321,8,40,280,306,309,299,273,273,288,85,44,74,281,80,356,10,10,40,46,26,13,0
0,84,36,24,307,13,37,77,289,277,50,59,64,69,5,45,87,11,324,285,333,6,57,57,1,3,12,314,297,270,83,286,18,65,301,335,333,84,52,355,313,284,47,25,357,19,18,348,335,333,319,21,356,354,348,75,275,330,348,344,15,8,333,1,11,27,341,37,39,41,329,271,271,285,303,313,306,355,334,321,48,68,288,286,55,45,354,33,34,17,45,10,5,330,300,0
0,281,42,347,78,34,48,284,324,42,26,47,64,302,353,13,306,40,288,70,308,334,14,55,339,348,325,87,86,326,67,341,19,56,316,333,327,305,283,343,280,75,28,12,10,18,2,356,355,351,347,321,350,350,338,87,300,82,312,300,68,28,295,310,302,275,84,62,52,287,55,63,80,279,294,310,313,67,13,321,352,16,76,294,271,356,39,61,55,315,292,32,316,279,284,0
0,345,348,342,45,8,28,313,334,25,16,6,301,29,15,20,276,273,352,36,294,318,326,290,19,12,13,315,3,7,41,10,5,26,358,13,319,336,337,350,291,48,5,36,24,42,19,19,28,29,21,296,344,345,337,316,14,37,301,310,296,330,51,301,307,279,85,45,39,23,33,39,56,275,295,316,320,281,64,300,354,4,41,303,310,338,355,346,273,60,276,287,308,0,29,0
0,62,75,329,61,6,13,335,350,339,344,307,277,47,7,341,6,49,348,9,282,322,309,84,43,35,46,295,304,348,324,18,358,284,30,41,290,315,306,316,296,51,29,16,31,90,11,8,23,24,15,26,341,345,348,27,62,58,315,342,339,322,295,83,291,8,322,351,30,28,57,30,33,280,315,324,317,283,85,276,75,45,45,319,321,299,315,311,72,27,272,313,292,85,71,0
0,55,76,294,88,24,330,58,353,297,304,301,281,54,0,316,323,85,1,348,338,324,290,60,43,48,33,81,295,22,53,21,8,15,27,40,279,327,320,316,282,70,295,340,330,69,308,329,325,329,333,36,353,355,355,350,332,285,50,35,353,323,309,291,36,305,307,38,344,357,45,22,16,5,15,346,317,290,281,90,80,63,82,358,45,10,323,328,282,23,54,329,288,283,284,0
0,25,65,278,83,60,69,335,60,275,315,316,283,88,90,70,29,45,345,316,328,303,59,30,33,273,322,17,85,81,11,21,54,351,13,12,8,353,1,347,74,70,306,311,292,280,312,329,323,324,323,71,6,355,346,300,283,281,78,69,61,90,90,90,347,18,342,23,350,358,350,341,303,82,52,311,295,288,282,77,80,77,325,0,46,90,46,315,83,82,272,306,295,300,316,0
0,55,46,48,67,88,300,296,5,40,350,344,84,70,276,87,283,299,53,278,313,302,350,0,3,26,9,23,44,301,8,2,20,10,13,344,293,337,344,315,39,59,339,313,290,303,333,354,2,2,345,71,11,345,342,309,316,326,62,61,65,271,306,25,297,304,72,22,340,348,319,301,287,280,326,90,311,277,282,282,78,45,341,345,354,53,295,19,64,280,295,308,348,16,46,0
0,32,40,43,21,50,26,53,325,339,353,345,90,356,50,0,330,351,15,37,321,301,336,345,280,61,338,1,358,17,348,331,70,28,10,10,284,312,315,304,281,288,356,345,310,336,340,352,8,37,63,63,348,339,353,19,56,57,336,312,293,85,32,4,90,312,307,318,3,325,294,292,284,280,275,271,90,298,298,42,71,83,60,62,60,32,32,34,49,294,327,332,355,15,58,0
0,1,17,37,87,77,55,75,322,327,19,8,47,277,273,300,311,358,30,23,331,325,349,357,77,29,348,354,344,14,344,323,72,46,36,32,275,300,289,313,325,315,306,343,357,2,348,343,338,311,282,291,45,340,353,358,355,0,21,274,73,276,88,355,334,315,342,312,23,350,300,318,308,281,66,73,276,318,306,35,56,83,70,68,0,69,46,37,52,312,329,323,335,349,2,0
0,5,354,27,65,54,50,286,342,329,50,36,49,82,307,352,45,314,63,20,329,354,0,8,69,309,32,10,322,24,20,352,61,69,79,26,285,48,274,34,21,54,0,9,38,57,24,14,355,311,298,296,66,8,351,350,308,56,323,14,345,285,24,70,307,297,31,45,307,49,343,6,21,68,321,345,85,315,300,50,35,23,273,69,69,79,52,3,1,344,347,345,354,4,21,0
0,324,73,61,62,25,25,1,5,333,33,36,45,270,347,15,49,311,356,297,273,355,335,336,339,88,49,18,34,29,29,48,50,88,1,51,83,276,278,84,15,43,299,12,32,61,54,48,0,338,323,296,70,49,9,357,329,285,352,26,301,275,47,58,285,293,59,83,317,90,331,327,342,343,12,14,81,307,294,69,45,68,284,324,331,280,80,304,316,63,20,34,43,28,24,0
0,277,76,271,278,347,292,38,7,84,32,25,14,26,21,22,36,4,26,282,302,281,310,314,327,342,56,14,41,17,59,37,50,25,43,53,81,277,283,294,87,76,37,339,331,338,334,289,300,325,311,276,77,46,30,12,340,318,15,274,285,336,7,26,284,312,78,53,46,352,306,301,308,306,40,23,296,58,12,0,56,27,66,298,298,84,63,295,326,307,11,12,19,343,302,0
0,73,86,345,34,296,285,51,0,29,15,343,287,54,40,23,67,46,52,306,354,12,67,338,350,351,71,74,45,333,48,34,40,42,48,54,78,283,292,294,297,302,12,317,317,311,303,282,319,333,325,304,45,14,18,42,35,41,43,56,274,316,320,315,270,50,70,71,70,343,79,296,285,294,55,20,50,65,70,66,76,308,313,57,36,71,309,59,358,349,352,343,287,294,312,0
0,3,276,345,1,64,309,85,0,335,332,303,69,45,36,86,41,44,73,355,19,44,67,8,1,350,70,74,279,34,33,296,29,27,23,12,300,58,1,313,324,339,339,1,25,322,311,295,308,316,320,325,57,13,34,78,75,81,64,40,281,341,344,312,284,56,49,72,280,334,326,63,329,336,45,343,26,347,10,19,29,303,308,81,47,68,69,327,353,330,39,20,33,348,6,0
0,324,350,324,333,329,350,14,53,66,72,47,348,351,308,43,22,21,28,14,20,50,3,10,3,322,76,274,327,343,0,356,356,343,333,307,84,74,278,275,3,12,47,355,50,271,342,318,319,323,321,314,78,26,31,61,87,291,275,16,63,351,356,338,288,17,12,71,280,320,342,17,12,33,75,357,53,306,304,324,347,321,308,322,26,64,76,315,321,273,65,67,299,344,317,0
0,45,11,47,349,328,71,37,45,76,86,77,307,321,279,25,13,331,45,26,25,90,19,24,4,311,290,311,3,342,288,64,344,329,314,306,276,84,304,86,24,13,40,3,32,297,90,51,28,6,343,320,63,18,12,75,323,331,2,90,285,32,349,296,53,31,36,39,70,329,5,25,312,337,345,352,343,3,0,1,334,55,301,33,336,313,77,35,305,50,74,302,355,65,273,0
0,317,32,71,278,338,90,41,30,50,80,70,301,329,315,8,344,62,49,46,32,43,34,42,344,4,3,50,282,295,287,299,338,331,321,319,308,288,287,72,31,1,303,15,12,307,296,38,12,354,347,324,55,16,7,23,334,67,317,316,0,19,3,352,0,12,22,0,49,36,10,340,351,309,285,39,298,64,59,20,59,49,279,271,65,49,58,57,328,354,74,24,4,293,290,0
0,283,31,47,315,343,73,58,23,337,279,289,45,330,333,84,288,60,58,318,70,56,43,38,46,346,349,53,289,338,339,0,59,313,331,334,335,294,72,60,54,17,348,4,353,353,339,10,352,343,339,331,26,349,0,340,60,19,292,287,275,297,357,24,308,305,271,81,81,76,29,353,8,75,290,304,306,309,0,348,7,356,71,73,87,299,293,87,61,48,22,358,71,274,298,0
0,86,49,51,315,326,318,348,9,348,65,319,7,298,332,340,56,71,51,76,69,54,51,28,43,316,316,338,57,281,63,38,36,295,330,343,334,89,58,49,51,68,62,329,349,315,345,73,26,48,62,354,90,298,337,335,87,30,43,310,355,5,13,20,322,90,88,300,84,284,290,312,333,350,33,325,311,299,317,353,337,300,293,318,4,287,280,85,78,285,336,357,352,15,340,0
0,77,72,79,8,16,304,307,326,45,38,351,11,73,331,346,322,51,52,71,71,348,49,45,45,300,308,326,330,357,23,13,325,323,324,339,346,36,356,25,20,80,282,348,356,342,330,293,6,344,281,52,338,43,314,337,352,286,274,79,45,31,5,357,321,54,75,7,56,281,299,318,288,285,290,66,24,326,324,336,41,284,307,324,320,329,303,71,300,17,3,279,8,63,289,0
0,32,0,25,33,40,309,55,296,285,271,351,2,34,331,331,288,48,34,341,38,72,62,45,31,306,329,352,347,53,86,297,308,313,286,329,328,73,51,84,61,90,311,321,339,332,26,0,315,278,84,86,7,17,309,334,329,78,10,42,4,14,333,315,90,337,21,330,313,86,23,4,22,55,270,276,286,303,319,306,301,283,68,349,324,307,85,76,282,52,23,71,45,63,280,0
0,88,75,66,346,319,46,41,292,308,323,350,347,336,356,329,90,46,62,9,18,28,8,330,291,70,356,351,352,328,1,279,297,293,305,340,313,271,72,287,2,90,63,270,329,335,275,63,76,83,315,12,14,9,19,318,310,274,275,286,29,52,71,291,82,295,303,32,334,300,50,299,291,54,26,34,12,25,297,297,291,277,284,355,300,293,84,270,288,61,75,21,24,65,0,0
0,41,48,320,295,288,77,24,15,346,329,314,298,298,276,32,59,62,350,19,17,8,298,82,74,70,322,350,353,86,289,277,62,84,290,301,45,67,306,294,286,77,44,282,342,343,303,69,88,51,338,350,342,297,85,8,295,295,301,289,31,27,3,25,43,300,309,270,69,62,42,81,286,294,354,64,26,350,74,26,300,320,344,8,79,285,84,87,276,87,303,343,350,69,51,0
0,5,350,12,23,60,307,33,326,317,306,290,286,307,292,85,325,321,2,9,12,63,63,57,36,27,321,55,11,3,284,295,281,284,90,297,64,271,13,74,73,49,12,26,0,343,330,75,76,50,45,12,325,285,90,306,316,28,6,36,332,277,75,45,23,46,17,51,337,332,7,7,345,344,326,273,292,289,271,274,86,86,48,1,346,42,67,70,271,282,313,329,312,76,63,0
0,5,62,320,344,0,4,26,290,315,302,304,319,341,310,281,320,302,27,24,26,14,0,304,298,304,39,22,12,9,30,294,312,326,318,52,300,65,47,49,56,60,38,40,39,341,326,295,289,319,334,315,290,276,89,283,298,77,21,21,283,279,278,330,90,48,35,61,279,302,323,298,71,49,345,77,277,288,272,272,272,281,74,331,306,329,7,44,81,324,348,346,317,88,79,0
0,357,18,330,344,321,33,15,318,340,283,62,25,348,295,308,334,287,64,70,85,354,0,61,90,340,79,328,345,350,342,61,49,42,358,287,273,52,34,59,76,8,28,40,66,356,310,286,275,281,276,271,271,86,80,87,282,296,286,304,303,57,43,84,287,56,315,338,53,310,296,284,274,288,354,282,64,75,90,80,77,28,53,64,274,8,8,22,58,355,343,338,313,299,276,0
0,11,350,11,325,273,55,39,300,334,294,75,43,346,299,356,349,90,33,75,2,17,90,291,78,41,359,293,327,315,314,286,354,301,274,83,82,62,58,71,342,23,29,41,83,297,78,271,83,273,282,298,313,45,45,75,284,315,325,84,301,88,49,86,337,30,277,319,326,0,275,280,332,334,296,347,3,85,326,26,356,357,25,51,281,56,29,45,68,62,25,7,0,350,0,0
0,330,346,49,278,72,63,63,90,287,280,86,90,271,79,353,353,315,310,84,27,38,75,72,70,44,342,39,322,307,321,317,327,66,49,87,280,78,67,333,31,28,34,55,82,283,300,322,3,60,325,7,26,351,1,352,15,354,345,312,59,38,308,272,39,23,82,341,316,88,90,82,30,45,327,61,298,307,333,311,16,337,1,14,61,59,51,330,24,63,65,49,28,8,351,0
0,304,9,16,60,21,34,58,70,291,323,279,59,287,281,34,31,77,303,279,43,57,73,62,51,11,328,8,328,321,325,326,305,315,348,0,69,313,274,47,33,30,40,63,85,285,307,326,338,351,307,311,282,80,5,309,59,26,17,332,278,53,299,72,47,330,285,38,22,46,77,302,53,23,32,278,63,62,293,323,27,46,335,350,357,14,47,335,342,349,340,16,7,63,299,0
0,310,51,25,56,22,18,14,19,312,340,293,50,286,297,57,36,63,83,80,65,75,72,42,14,347,309,351,302,350,312,320,311,307,75,64,87,292,295,54,23,16,18,27,63,333,345,343,335,325,281,295,276,347,70,297,47,39,46,29,59,298,83,284,290,59,90,22,291,36,49,327,17,276,71,72,74,68,311,16,289,326,288,323,348,355,78,6,354,337,316,19,53,277,289,0
0,351,32,32,67,70,27,338,334,40,296,272,78,294,291,60,40,45,62,65,57,64,319,45,278,278,272,353,324,22,304,313,317,318,57,39,74,302,315,274,349,332,320,302,282,72,10,342,331,315,294,300,70,16,51,289,48,45,54,51,47,40,0,5,33,352,344,56,62,33,8,345,1,72,78,64,291,53,335,327,62,17,356,356,359,352,77,26,14,355,2,2,22,90,294,0
0,21,54,56,63,300,18,357,12,31,72,82,275,317,308,66,85,59,352,341,351,45,329,351,71,64,78,11,355,32,303,304,315,327,31,358,14,321,332,325,318,324,324,315,302,292,355,328,329,303,283,308,68,22,54,85,56,49,79,24,272,289,74,63,71,294,333,341,335,295,283,62,21,1,323,80,51,72,70,3,305,4,275,44,331,279,86,80,80,36,354,329,311,295,69,0
0,37,68,273,0,23,48,70,51,33,50,80,302,324,289,87,280,90,62,46,38,45,322,310,284,317,325,284,306,271,72,315,320,332,292,14,19,309,328,327,299,22,21,43,55,59,87,313,334,279,76,292,80,35,33,59,356,354,15,19,63,278,272,51,22,327,345,40,291,283,273,67,20,337,282,65,67,54,55,337,49,75,39,357,82,76,275,86,77,81,78,324,302,301,273,0
0,15,41,8,66,35,52,82,81,7,320,81,273,340,299,277,299,90,66,62,90,0,90,299,90,300,304,279,297,321,63,293,339,330,297,20,3,16,343,324,298,66,36,49,64,76,277,321,335,61,54,284,284,41,26,21,290,292,88,34,4,80,293,349,310,52,9,21,274,309,300,6,20,34,0,33,81,324,4,334,304,281,337,7,329,315,74,309,48,270,297,302,36,335,277,0
0,10,73,7,61,30,34,86,15,317,303,51,308,357,12,349,26,70,67,64,286,303,80,90,77,311,328,328,353,12,36,33,6,299,292,1,318,80,36,333,305,270,41,33,56,87,278,319,324,40,32,277,331,34,51,328,280,279,281,311,310,308,90,347,66,61,35,33,69,355,3,308,298,301,286,7,8,325,324,34,354,90,348,27,284,305,11,32,38,283,337,315,90,286,333,0
0,304,289,288,25,7,356,64,23,295,349,8,315,347,352,341,49,53,67,59,284,285,87,281,285,333,352,333,318,301,87,280,329,341,32,292,295,271,69,48,353,315,50,33,43,279,315,329,313,18,2,9,345,352,24,315,295,289,78,44,274,316,295,36,49,42,47,63,0,17,43,81,271,283,299,72,318,26,20,317,293,47,301,308,279,41,14,4,6,68,324,332,319,315,307,0
0,303,352,13,351,329,301,82,21,278,318,66,270,321,334,330,52,331,282,306,325,57,88,308,310,306,318,299,302,292,83,295,313,286,84,68,295,305,64,274,90,4,37,35,48,81,289,315,310,5,344,352,281,315,15,27,311,296,288,56,348,352,306,54,41,13,338,282,47,38,70,78,83,302,310,271,275,324,336,45,59,344,288,290,278,82,51,349,304,297,351,327,357,28,71,0
0,357,20,38,11,279,297,279,11,74,275,70,273,322,332,54,67,296,80,301,340,16,82,335,331,278,302,315,350,33,73,53,333,315,90,32,344,282,36,295,340,318,31,29,54,85,306,3,54,352,25,17,49,315,49,21,307,310,310,312,45,302,283,71,37,309,82,280,74,11,2,90,78,39,317,72,276,309,297,307,312,55,295,315,30,300,65,82,347,316,277,12,347,6,52,0
0,333,315,311,295,90,21,48,344,6,16,16,332,349,351,321,318,73,282,67,20,16,277,344,338,67,303,324,322,338,336,10,315,3,49,273,78,14,9,343,4,36,43,29,30,75,25,30,312,16,58,18,8,316,275,25,282,334,337,320,90,88,274,76,53,327,2,311,5,343,317,53,60,277,312,351,296,344,316,340,340,18,288,331,69,79,324,63,75,39,53,82,41,0,349,0
0,25,322,291,305,22,45,77,326,328,302,318,76,356,348,355,52,75,270,86,42,0,77,0,0,26,288,326,323,324,298,59,306,353,345,51,66,51,330,38,29,32,45,20,346,61,14,349,40,24,53,9,325,344,81,17,18,345,340,313,81,71,90,334,41,51,48,34,20,0,3,8,39,72,288,324,291,28,48,25,322,25,310,355,355,59,5,71,284,353,16,37,281,0,326,0
0,77,305,334,345,4,16,283,334,322,294,316,88,23,355,355,14,59,86,292,315,326,79,45,69,0,41,340,357,353,317,282,4,12,354,41,49,85,45,51,69,61,53,75,81,286,312,311,38,10,18,358,68,320,307,344,352,0,358,63,317,68,90,9,27,57,77,312,304,10,0,12,284,315,63,332,287,22,28,75,273,45,79,279,275,318,348,272,276,301,5,346,56,6,294,0
0,330,351,41,347,350,358,79,316,309,307,327,85,45,33,6,343,304,297,50,30,273,271,69,285,301,336,24,2,350,285,317,338,342,279,20,48,10,1,15,63,278,51,40,77,87,298,304,57,30,20,349,19,316,335,299,344,27,3,55,297,289,77,45,32,323,51,288,290,90,279,321,28,322,277,29,77,351,2,17,27,293,61,58,285,302,296,279,337,338,321,338,318,62,51,0
0,319,297,310,61,332,330,306,25,344,1,29,72,304,336,6,334,90,287,277,36,59,299,315,18,278,286,52,22,345,90,313,299,296,279,70,74,292,319,341,1,293,79,294,274,346,303,301,66,75,50,14,9,288,341,287,339,53,357,356,319,291,56,51,85,83,50,60,293,328,344,16,30,340,0,5,59,318,330,30,35,343,83,294,270,350,297,325,335,33,2,81,313,84,43,0
0,298,304,348,22,339,324,292,275,63,23,9,42,320,336,318,281,271,288,282,70,67,324,328,351,0,90,15,354,76,279,303,275,285,297,276,79,284,321,348,0,274,303,331,77,295,273,300,23,85,63,0,8,76,343,308,323,305,8,340,50,35,42,336,81,317,353,23,301,335,332,6,345,4,285,9,31,317,335,19,9,345,356,294,287,308,336,338,307,280,324,312,43,70,284,0
0,312,346,4,17,346,341,295,282,278,315,331,310,45,14,313,290,90,74,291,318,15,61,312,295,293,51,342,73,61,278,306,296,12,13,26,56,74,46,13,0,53,52,0,75,72,90,315,337,296,329,18,5,20,2,28,60,348,19,346,45,11,38,34,83,286,301,318,285,11,358,348,331,356,311,32,358,277,322,86,17,293,317,302,66,354,357,342,314,296,301,273,76,82,281,0
0,47,45,18,17,356,348,291,85,298,309,7,313,45,24,6,19,52,345,0,6,64,310,43,20,49,10,45,311,323,66,293,4,38,284,57,18,61,47,9,11,348,14,274,31,69,309,22,309,293,302,24,359,65,17,37,338,273,356,349,343,343,76,29,47,292,302,303,291,48,344,25,54,294,288,23,306,333,318,306,28,10,329,312,276,45,48,302,321,307,292,84,76,273,288,0
0,59,56,33,37,5,1,315,90,333,316,72,67,317,307,292,322,327,289,292,17,355,331,315,4,327,356,346,15,37,29,78,347,341,32,275,336,315,337,355,14,289,300,76,2,286,36,48,297,310,316,21,2,17,16,28,322,337,333,19,25,275,308,357,21,271,312,317,299,292,344,31,15,75,7,7,279,322,294,12,63,310,86,322,86,48,45,274,295,285,283,281,276,332,340,0
0,74,15,340,75,16,18,32,47,304,48,281,277,276,295,288,306,333,11,304,47,339,58,53,317,316,354,284,57,86,279,83,9,329,42,78,345,339,357,355,1,37,310,291,271,14,22,15,25,22,4,6,6,5,9,13,306,345,336,20,9,77,273,325,339,315,329,313,292,306,317,323,288,273,51,22,53,325,335,28,354,8,63,277,62,52,66,284,300,279,276,284,290,344,22,0
0,288,313,306,60,34,59,87,29,33,41,305,352,339,299,298,304,335,319,86,63,280,271,84,7,41,331,18,0,334,345,71,350,325,57,292,352,354,5,359,356,8,313,316,318,327,296,86,80,71,272,358,24,336,332,331,345,344,339,334,348,346,62,325,337,307,11,0,318,335,334,318,20,49,311,347,3,308,327,76,90,356,78,45,347,356,336,60,81,350,75,297,319,347,4,0
0,289,306,321,8,33,46,312,14,21,357,42,25,304,285,60,83,305,296,79,73,291,307,287,317,271,70,278,293,286,32,88,90,295,302,26,0,341,341,359,358,2,65,328,299,288,88,80,273,274,341,2,23,341,333,331,332,352,0,345,313,288,301,51,352,309,81,83,72,60,35,20,13,9,352,348,347,90,328,300,321,319,75,77,290,298,274,88,279,318,342,29,7,6,5,0
0,29,314,333,343,1,351,15,4,355,300,38,18,320,356,29,52,287,293,68,66,305,320,287,294,273,74,271,289,310,345,68,275,349,16,64,1,350,353,11,11,354,340,295,275,273,84,77,285,312,359,2,0,19,3,349,336,50,2,346,18,276,296,286,20,342,63,51,48,49,43,54,318,291,56,39,15,311,24,28,8,28,59,283,334,328,285,285,282,297,300,75,38,17,6,0
0,345,279,351,350,325,287,276,25,42,315,353,0,27,63,45,36,305,320,334,295,28,359,288,302,289,15,70,356,2,358,22,19,14,28,71,35,32,23,10,8,342,323,323,15,74,76,65,316,339,0,8,63,319,329,332,333,336,355,355,340,286,29,341,77,331,277,341,356,341,335,308,60,74,71,75,61,271,272,22,8,341,304,55,69,83,83,48,47,79,274,83,84,23,338,0
0,308,297,11,354,317,272,90,40,59,22,40,282,8,38,19,353,8,28,290,82,59,66,56,49,63,298,307,37,14,5,344,33,357,12,26,49,0,353,346,349,9,36,5,313,86,87,280,55,26,7,5,51,338,339,339,341,333,0,357,69,18,35,62,57,274,271,297,306,291,278,280,78,54,23,34,48,90,316,15,18,297,87,71,61,73,284,307,331,345,0,321,40,285,291,0
0,290,287,39,357,311,289,90,4,49,32,18,327,3,7,56,291,65,46,41,48,58,64,59,39,68,297,298,57,354,342,302,55,11,346,280,289,313,338,357,3,17,29,59,318,84,81,271,85,49,7,0,288,35,18,6,356,345,358,319,73,296,324,71,329,322,344,337,343,30,55,325,25,271,274,58,45,290,321,41,46,272,78,79,280,285,282,346,349,328,276,80,70,275,284,0
0,22,289,70,44,14,333,345,79,40,43,288,12,7,20,305,272,57,334,0,4,345,345,17,1,60,83,66,270,47,19,330,29,29,4,58,288,326,350,4,11,22,347,299,25,40,68,276,327,16,0,5,32,38,43,32,12,1,8,3,30,306,334,300,63,310,321,15,316,277,281,69,48,72,87,72,70,307,313,61,54,84,71,277,297,296,300,341,337,353,87,294,276,60,79,0
0,10,75,67,65,77,90,84,307,331,345,50,271,312,333,327,77,81,325,354,47,61,284,309,298,64,310,350,10,67,328,335,302,324,290,33,334,346,352,357,4,47,36,38,15,23,43,22,20,4,1,3,52,29,33,18,353,351,18,47,343,35,351,19,274,273,77,60,70,87,291,71,34,54,85,87,292,321,304,33,338,76,293,282,51,280,320,327,322,339,28,88,283,79,76,0
0,49,335,345,19,340,0,0,325,326,339,15,286,321,317,295,309,327,2,342,39,39,86,307,300,67,304,313,70,73,306,315,315,289,276,45,348,0,347,357,2,46,66,45,352,319,88,65,58,16,21,40,340,329,321,325,0,6,6,19,336,353,358,345,274,304,329,32,40,90,314,277,352,334,322,311,356,344,277,56,50,69,291,308,8,60,314,322,327,348,342,280,38,324,321,0
0,284,83,51,72,355,4,37,86,41,21,17,338,13,5,350,315,293,37,333,10,351,318,350,319,281,298,290,63,71,335,331,300,286,302,0,347,348,341,354,353,329,341,45,289,81,77,82,3,18,46,343,45,19,6,29,37,44,0,9,327,354,1,342,305,12,15,353,3,68,330,290,5,306,279,278,57,55,83,72,72,302,296,293,333,323,21,10,11,0,340,280,71,88,274,0
0,335,69,25,85,309,88,72,300,15,8,0,32,5,6,10,32,357,57,28,322,306,296,71,11,294,305,273,43,70,336,335,320,278,288,302,5,287,317,349,353,351,51,50,65,64,78,340,14,21,58,355,37,67,61,50,42,85,358,358,317,350,333,345,307,36,40,338,336,288,21,90,55,287,58,273,77,66,83,86,87,320,86,279,316,294,60,60,79,0,345,5,36,303,287,0
0,348,80,1,280,321,90,74,289,37,13,28,354,12,19,356,353,18,332,75,321,78,299,296,278,61,59,319,3,50,318,342,355,327,84,314,315,52,318,345,341,290,290,330,354,12,55,29,21,25,64,320,341,0,23,348,302,274,10,358,274,342,4,337,310,84,318,351,300,291,281,291,297,47,46,84,286,45,43,74,308,330,84,45,339,294,48,278,9,293,309,83,49,271,302,0
0,332,294,8,319,29,0,51,298,81,326,306,50,31,49,59,53,19,87,289,274,306,67,311,88,74,79,306,295,288,59,16,7,319,308,19,346,345,7,353,340,284,272,306,317,308,56,30,31,36,49,290,315,319,298,284,304,335,357,354,90,343,358,351,339,323,293,295,279,299,315,326,318,25,16,46,327,27,25,67,316,339,31,278,62,33,10,32,25,272,292,80,64,279,292,0
0,333,317,17,291,43,24,33,305,355,287,291,72,21,7,0,288,344,356,295,312,15,65,298,31,21,315,338,281,83,79,31,7,14,343,49,294,303,60,12,0,354,62,318,324,310,40,22,37,62,88,75,304,329,328,333,15,351,14,19,326,336,350,333,357,335,85,83,278,339,0,4,23,327,337,329,12,293,337,306,31,22,45,81,85,290,291,44,41,288,302,64,30,277,305,0
0,301,311,319,23,301,349,355,356,4,328,16,71,330,327,356,329,16,337,86,33,38,75,299,78,21,302,299,61,45,65,353,352,315,12,37,78,312,59,8,351,347,29,83,313,311,43,13,25,72,273,73,310,336,332,319,297,273,47,47,318,322,337,353,0,336,329,315,33,355,355,334,271,63,27,332,46,273,327,289,44,33,34,336,0,276,76,51,57,277,291,306,84,280,86,0
0,317,344,354,35,345,15,31,303,337,291,45,333,90,4,16,60,313,283,302,23,19,62,323,312,36,50,69,35,37,45,310,344,334,20,8,32,353,48,3,0,343,35,34,300,309,65,9,355,14,50,57,336,341,323,300,90,77,56,59,334,329,324,349,15,344,11,83,294,351,342,343,12,25,41,65,311,298,23,330,2,354,90,291,296,8,23,36,19,65,275,297,307,64,38,0
0,27,18,354,302,53,0,349,0,333,295,335,30,273,57,353,2,355,11,274,41,0,278,42,58,86,284,299,317,311,21,52,43,73,57,53,66,306,272,23,26,349,15,8,284,312,284,13,347,283,292,313,9,355,340,313,78,58,57,284,322,323,325,347,357,355,353,74,307,81,20,29,326,347,14,69,280,292,49,291,334,331,304,281,315,335,344,333,318,331,302,344,322,80,64,0
0,30,358,326,279,293,341,303,72,68,284,17,0,60,290,325,323,47,14,342,12,311,65,49,62,84,285,307,326,338,50,35,334,42,63,74,270,294,280,39,40,90,90,1,8,297,290,14,1,277,86,302,90,0,1,44,296,346,22,289,319,335,344,337,350,8,351,36,317,286,40,11,296,335,325,330,288,6,48,319,87,311,328,10,79,3,352,354,39,6,307,41,348,335,41,0
0,66,66,296,272,334,315,5,18,36,311,356,274,79,281,318,327,336,327,311,271,77,35,18,17,65,310,300,313,318,321,316,45,31,51,82,317,306,85,55,55,90,315,1,40,315,9,312,342,323,35,298,330,3,355,24,275,317,336,29,3,11,27,312,341,74,341,299,62,288,0,9,81,296,291,303,286,59,60,341,8,304,322,309,284,285,349,357,340,306,56,69,292,54,60,0
0,274,309,8,86,332,286,56,281,282,274,90,45,90,329,329,322,315,329,303,274,75,28,11,346,79,73,348,308,310,299,293,79,30,8,53,25,70,337,11,58,321,5,0,353,47,44,300,328,306,34,78,317,78,16,336,283,328,313,280,52,43,276,9,338,331,1,314,81,326,0,6,9,73,282,315,303,88,290,295,288,284,355,285,86,295,333,331,88,89,69,75,277,68,64,0
0,284,332,343,26,309,271,51,80,284,291,81,73,332,21,358,304,294,329,32,83,288,29,19,83,38,71,302,301,344,314,300,291,45,10,19,14,63,314,351,43,315,302,312,295,65,35,327,347,313,55,50,292,88,61,336,286,295,299,274,58,40,335,348,322,311,61,62,295,351,342,330,79,300,302,341,285,294,291,271,290,315,312,28,67,315,330,301,76,84,77,77,78,75,272,0
0,70,304,321,308,43,67,286,318,341,322,75,278,322,312,330,315,288,342,14,61,309,10,353,34,39,36,311,323,34,353,325,336,327,319,26,4,0,333,342,327,12,83,284,292,64,24,324,340,301,287,45,28,55,85,283,274,79,2,5,349,296,58,29,291,317,277,57,354,55,305,293,83,295,329,36,270,296,293,284,323,345,9,0,0,331,316,294,78,68,81,89,66,75,286,0
0,35,308,318,289,84,77,276,315,331,45,315,351,4,322,329,325,63,322,330,293,55,340,315,49,75,17,0,329,72,40,339,349,352,272,61,18,317,47,339,317,86,351,90,358,342,348,352,333,86,273,288,75,42,80,280,276,290,280,3,341,351,333,326,299,47,50,279,303,19,304,327,80,345,357,339,71,49,79,291,10,333,320,357,7,335,317,292,70,57,276,310,23,339,45,0
0,351,336,325,298,87,39,347,351,350,8,327,2,81,47,305,303,279,285,309,287,271,313,285,53,292,60,293,311,280,281,21,0,354,307,331,4,303,315,309,323,308,323,296,31,81,299,70,42,53,81,286,275,50,58,285,285,312,307,48,60,295,281,284,281,37,27,284,327,36,324,18,342,305,312,302,90,55,63,302,345,283,290,317,296,69,277,66,32,29,285,350,31,310,313,0
0,39,351,9,26,57,271,66,29,336,317,271,16,0,5,286,305,302,82,278,295,309,317,288,62,301,273,303,282,69,285,62,43,35,55,60,297,296,311,17,317,314,301,272,90,73,70,79,289,325,293,38,52,348,293,79,282,349,319,84,72,78,279,286,283,22,359,344,354,316,40,297,283,88,277,274,272,57,39,354,353,0,344,317,291,270,316,339,349,358,286,345,340,315,319,0
0,0,47,55,60,56,74,75,9,90,318,325,349,7,318,288,51,353,68,61,288,317,315,300,282,313,277,299,278,51,81,78,64,71,293,356,278,318,319,351,352,334,312,272,289,82,29,75,324,316,277,82,277,302,273,88,308,54,320,279,84,65,303,300,72,63,348,320,13,353,345,63,333,45,47,75,288,276,13,12,347,57,272,279,16,9,31,64,27,1,19,351,349,33,315,0
0,56,36,46,69,55,26,33,40,77,356,14,303,329,308,316,5,279,278,63,35,27,341,316,308,311,280,284,85,53,59,80,71,78,325,354,18,0,344,0,77,307,322,81,325,341,327,307,8,284,66,70,287,307,275,273,300,280,82,277,283,278,67,84,321,276,301,322,19,0,288,293,79,286,315,321,83,46,65,14,325,30,309,296,68,71,36,82,85,312,288,43,19,313,86,0
0,0,349,334,278,296,274,52,33,26,13,10,16,341,337,65,1,46,311,25,45,63,299,326,303,276,271,83,79,68,33,303,304,76,20,356,313,22,8,348,345,299,302,56,341,5,61,327,345,84,45,49,289,302,274,275,297,270,84,288,284,79,82,278,284,275,284,329,310,351,298,29,349,77,311,303,87,39,22,337,54,350,41,14,33,319,79,75,73,293,289,73,45,280,274,0
0,331,324,295,271,274,87,54,53,326,350,323,43,286,18,354,341,345,4,353,5,72,358,69,278,275,280,84,68,305,36,275,309,273,34,10,75,10,308,284,348,341,311,7,340,296,313,45,32,71,60,59,88,294,292,311,339,67,57,337,340,56,45,300,87,286,352,351,345,355,303,77,305,293,33,300,86,29,344,306,90,323,348,337,329,48,48,63,64,297,321,336,9,75,90,0
0,274,23,304,274,273,90,42,50,318,328,308,52,275,62,274,2,3,21,12,17,76,325,351,323,0,90,7,31,353,3,332,359,60,11,26,310,278,88,291,315,281,280,51,291,63,290,60,43,58,76,84,273,274,302,341,9,73,285,278,302,285,284,39,274,45,20,23,55,313,317,288,346,355,60,90,280,274,54,64,285,284,291,338,343,17,10,354,66,59,63,47,45,84,285,0
0,326,5,0,39,293,287,313,304,34,333,321,271,54,77,306,328,291,75,47,31,71,292,289,88,75,276,295,286,45,13,344,353,84,28,53,88,62,272,302,300,276,276,271,296,327,45,26,28,24,64,272,274,306,349,4,20,47,289,329,47,293,278,304,315,29,6,19,62,292,317,332,16,40,75,78,82,282,78,90,9,315,57,293,276,35,33,351,34,47,72,73,65,289,315,0
0,55,302,37,55,88,276,295,308,82,17,352,321,14,323,349,306,90,66,47,10,338,19,82,67,65,276,300,296,54,28,88,286,271,68,61,54,51,82,301,299,281,273,271,300,315,301,327,347,6,19,325,308,353,16,28,31,31,313,326,299,273,57,356,331,292,339,351,356,316,343,340,358,355,315,58,277,90,276,287,8,33,344,90,277,42,48,312,334,345,325,82,315,54,347,0
0,329,37,63,56,72,291,289,275,90,76,41,64,306,274,57,60,333,315,86,300,304,299,321,326,336,40,326,331,322,354,25,79,282,286,66,29,21,66,310,300,296,286,290,350,324,71,292,321,328,293,83,83,55,28,28,32,344,54,17,342,296,67,76,293,284,331,344,344,352,0,1,326,302,81,75,282,287,281,310,37,317,71,287,279,324,343,319,310,313,309,272,271,278,79,0
0,82,55,272,36,329,82,324,84,286,56,18,68,283,84,75,79,292,279,77,297,289,286,318,328,318,296,43,347,334,5,0,10,323,329,64,357,305,279,83,48,3,50,72,5,69,70,307,329,274,83,284,281,77,39,19,344,71,78,63,58,72,296,345,306,286,3,348,344,325,356,347,62,274,78,73,298,332,6,45,320,48,41,278,287,317,320,90,36,309,320,299,278,286,274,0
0,55,90,321,353,341,36,30,327,64,84,320,320,36,344,45,302,50,333,18,325,55,88,315,319,308,296,290,34,326,47,21,33,22,39,282,307,77,88,286,79,58,271,36,299,20,306,31,24,45,71,312,287,64,61,25,47,50,81,81,79,279,294,321,11,76,47,28,357,300,20,332,52,73,77,315,36,10,5,46,67,79,73,275,313,321,305,294,296,288,319,320,298,318,306,0
0,17,289,317,310,289,29,73,311,311,291,10,354,347,356,23,312,33,323,330,340,36,76,321,320,306,305,301,285,45,23,7,60,36,36,87,282,73,283,308,47,53,315,312,69,304,77,39,45,331,283,38,90,45,77,78,321,358,45,296,340,90,290,297,320,357,37,59,77,299,43,303,33,40,0,17,19,316,290,73,63,75,271,314,0,24,282,6,3,20,279,349,347,45,75,0
0,358,330,330,317,288,43,84,313,280,74,70,47,316,40,7,68,335,341,25,62,35,78,7,14,27,344,306,291,308,326,290,75,63,48,82,286,74,306,310,26,45,310,299,80,284,353,332,79,20,13,13,358,2,329,309,324,325,289,67,76,322,29,78,322,357,11,43,327,333,315,354,350,0,342,355,74,69,88,76,55,326,50,50,50,69,293,52,20,53,275,28,21,303,347,0
0,343,313,5,340,272,67,88,284,276,67,73,287,277,82,87,308,0,326,2,9,333,301,344,332,325,334,296,312,333,337,88,60,68,54,85,297,57,298,298,36,41,312,303,87,320,5,320,82,63,289,288,68,34,303,273,38,336,270,73,304,1,49,45,20,19,18,343,25,355,340,7,10,48,296,319,65,42,76,2,71,71,56,51,56,79,303,84,355,55,64,35,36,355,19,0
0,327,321,51,27,16,32,320,69,83,83,51,344,317,14,74,326,351,333,343,306,294,5,273,310,313,297,296,356,2,2,345,14,40,66,301,284,45,282,293,44,354,43,51,301,353,329,5,274,317,296,343,310,90,74,72,63,309,23,37,350,9,0,43,40,40,65,18,66,78,68,9,22,53,90,328,9,317,80,65,66,61,42,18,2,285,353,30,279,73,41,6,306,49,56,0
0,321,317,87,75,295,71,67,295,306,70,83,62,273,309,86,50,22,53,348,76,78,336,356,347,341,296,297,318,330,336,309,352,311,90,83,292,345,17,310,23,76,54,63,296,70,90,52,78,280,294,75,62,79,74,65,277,318,332,316,4,2,348,7,19,37,322,12,76,280,281,339,4,75,324,40,65,272,86,62,45,8,329,336,344,315,355,3,45,67,39,25,49,36,52,0
0,288,286,85,83,279,70,68,320,325,62,64,61,294,316,80,87,69,68,281,78,273,313,294,61,58,0,305,317,324,318,299,351,292,272,287,289,316,283,65,60,69,45,60,354,0,17,53,70,77,291,87,76,74,75,90,330,338,332,349,352,350,28,330,347,359,343,355,19,306,299,328,350,40,323,9,29,86,274,52,342,87,298,343,324,72,62,38,32,48,64,285,333,344,340,0
0,342,54,74,81,275,20,299,26,8,52,37,26,351,325,275,88,339,45,350,12,341,352,295,64,280,348,315,341,321,311,289,85,271,80,67,277,53,87,55,50,41,329,49,60,70,26,25,339,24,90,87,78,59,67,280,309,287,303,2,294,342,2,310,344,351,334,344,330,325,277,317,328,309,42,3,352,293,19,296,63,34,299,320,279,83,281,72,32,30,71,299,332,342,332,0
0,352,11,353,76,65,82,80,3,282,52,75,63,49,286,303,311,23,56,304,294,57,60,287,277,28,27,0,327,290,295,280,82,270,272,83,281,288,318,318,278,293,275,39,86,341,301,297,316,345,333,355,38,38,41,290,329,305,327,359,69,348,343,36,351,350,309,345,339,60,26,306,310,295,82,40,17,0,284,284,284,285,278,271,80,287,338,45,6,7,296,6,329,331,310,0
0,16,8,45,49,59,57,317,55,73,40,290,278,47,300,356,15,349,337,31,15,313,271,83,323,10,323,65,49,296,276,277,62,87,311,8,300,293,319,303,74,343,306,12,357,45,302,326,0,317,292,333,11,24,48,273,339,352,24,11,52,333,306,301,0,346,332,343,343,309,90,28,276,292,278,72,55,56,68,280,275,77,309,356,86,357,12,355,14,16,68,285,298,307,287,0
0,34,339,45,54,37,10,3,22,36,82,291,71,351,47,32,21,293,290,74,285,302,29,287,317,327,84,65,83,304,311,341,347,65,4,345,62,55,313,325,64,326,281,30,342,352,38,36,56,76,272,64,30,33,58,90,329,4,25,27,66,284,281,306,322,339,329,18,353,348,78,51,54,274,290,90,79,74,70,291,82,29,351,351,80,24,26,29,32,29,57,84,289,296,285,0
0,57,284,356,51,288,288,41,50,90,81,90,72,70,28,320,290,273,80,81,297,82,52,301,332,337,50,79,86,87,80,33,67,72,12,86,80,72,328,343,56,273,85,66,316,301,54,37,45,71,271,279,54,4,8,60,339,359,9,26,52,71,274,321,328,2,334,276,24,26,272,56,298,87,90,0,299,42,21,355,48,294,28,0,41,338,75,61,50,11,351,0,329,298,276,0
0,64,316,322,56,281,288,40,40,318,32,46,56,75,298,84,292,344,289,71,345,57,36,84,332,340,12,62,70,271,322,6,47,0,23,56,277,340,31,27,12,37,76,284,314,299,46,15,15,40,82,293,277,30,350,290,11,6,5,5,349,316,70,0,328,293,356,315,25,305,81,88,88,272,275,278,88,271,279,78,80,277,85,79,4,85,39,69,302,315,309,297,90,75,63,0
0,328,351,29,18,322,20,351,292,60,64,32,29,345,345,306,20,19,71,63,275,284,278,292,18,351,316,326,325,281,322,313,296,57,33,33,308,2,354,79,75,70,282,325,319,344,71,349,355,357,31,303,298,286,316,88,41,21,356,313,301,287,271,44,350,336,315,13,71,273,75,82,85,273,281,275,83,88,277,90,90,284,280,316,1,295,323,83,50,283,309,292,279,281,271,0
0,347,321,42,315,22,83,331,274,41,66,45,0,323,300,82,45,28,315,315,288,49,333,310,43,1,308,322,301,315,38,312,90,59,40,18,327,342,298,61,72,288,7,52,296,90,287,336,328,324,315,87,34,22,64,58,29,357,307,287,291,284,291,287,37,12,12,331,280,87,287,287,285,278,71,315,312,55,62,73,80,77,73,43,20,275,307,86,66,272,300,302,285,280,274,0
0,35,276,70,320,340,63,43,295,354,42,279,330,21,90,53,40,76,290,0,315,277,49,45,66,72,287,317,307,336,1,304,271,62,33,10,276,328,305,33,8,8,3,1,15,61,315,63,337,323,317,291,52,44,60,66,51,53,14,302,308,285,286,305,297,336,340,296,78,72,279,286,284,274,87,296,288,60,72,83,85,89,273,67,31,35,82,76,78,289,287,286,280,277,274,0
0,309,307,273,10,329,296,321,90,21,351,30,22,295,331,7,33,81,323,288,47,74,278,274,357,31,298,322,329,0,28,271,289,280,7,32,59,315,349,87,297,34,344,338,347,313,63,81,324,334,342,305,43,49,64,83,85,86,296,280,24,85,276,310,324,21,4,37,357,1,272,312,303,279,88,310,308,25,40,272,281,294,319,90,42,49,60,59,79,293,90,282,299,289,271,0
0,312,295,90,68,65,60,88,277,63,310,70,41,77,324,343,340,88,50,50,66,59,86,284,319,329,55,15,22,13,29,282,350,21,349,15,38,352,0,20,274,277,38,33,272,298,82,78,297,297,319,290,45,33,43,88,344,45,26,285,278,332,321,327,300,79,78,0,341,4,32,297,313,319,306,346,340,13,6,273,285,296,306,276,56,54,66,46,69,292,88,311,8,32,79,0
0,330,297,302,294,52,11,335,31,24,280,69,39,77,348,6,340,41,23,40,59,351,323,9,327,327,84,36,32,27,31,353,13,30,354,7,70,347,357,0,68,301,33,353,274,43,287,334,309,279,295,282,42,1,325,85,35,65,292,7,300,316,87,58,306,38,336,30,325,324,314,311,336,1,50,42,17,338,336,292,67,284,290,276,67,63,82,75,74,309,337,15,9,24,64,0
0,31,85,321,291,45,60,315,4,357,293,0,325,72,39,44,277,286,28,353,83,297,281,282,0,335,279,32,28,26,52,358,1,17,326,346,29,320,350,8,45,12,284,301,275,90,291,297,351,26,285,286,69,320,297,281,38,28,297,328,87,29,319,14,315,303,7,338,329,313,315,322,56,351,0,279,350,3,347,309,90,330,37,276,82,57,73,81,88,339,10,13,343,347,348,0
0,352,45,309,282,82,274,82,274,282,285,313,289,48,39,43,286,50,49,301,21,80,283,338,4,323,77,42,32,15,28,19,11,18,293,333,330,16,2,14,63,316,351,281,292,326,10,61,48,57,306,351,351,39,87,283,272,28,52,296,272,73,316,310,315,315,87,21,48,301,334,342,330,355,345,79,83,276,46,355,292,343,1,296,0,305,331,345,331,346,349,4,13,3,346,0
0,67,58,287,274,72,87,274,288,298,327,330,56,19,330,67,287,343,49,282,342,13,325,341,294,90,33,28,333,282,84,89,33,10,74,334,329,65,0,354,25,308,330,290,19,24,31,50,53,315,62,79,31,21,36,81,316,81,344,340,86,336,17,72,43,84,288,44,43,302,336,344,330,346,343,80,47,270,287,276,7,0,355,299,32,288,317,300,57,43,44,45,344,349,353,0
0,60,55,281,272,50,75,279,330,8,24,357,49,22,81,42,307,343,358,294,356,357,353,344,78,337,351,318,89,75,271,312,27,3,33,343,343,326,348,348,1,330,348,300,32,41,18,5,333,15,48,74,355,7,15,49,337,324,343,273,322,12,14,286,27,20,330,20,37,330,344,354,352,332,346,291,0,46,340,323,10,6,352,318,9,352,350,315,46,41,57,315,293,337,349,0
0,0,0,0,0,0,0,0,0,0,0,0,0,0,0,0,0,0,0,0,0,0,0,0,0,0,0,0,0,0,0,0,0,0,0,0,0,0,0,0,0,0,0,0,0,0,0,0,0,0,0,0,0,0,0,0,0,0,0,0,0,0,0,0,0,0,0,0,0,0,0,0,0,0,0,0,0,0,0,0,0,0,0,0,0,0,0,0,0,0,0,0,0,0,0,0
