0.053035
0.088261
0.104241
0.112767
0.101088
0.101088
0.000000
0.000000
0.000000
0.160750
0.160750
0.111388
0.055676
0.187779
0.172853
0.000000
0.000000
0.000000
0.199842
0.174731
0.190330
0.185582
0.212678
0.208953
0.000000
0.000000
0.000000
0.279707
0.313933
0.320283
0.282799
0.352498
0.315311
0.000000
0.000000
0.000000
0.179628
0.157057
0.171078
0.166809
0.191165
0.187817
0.000000
0.000000
0.000000
0.251414
0.282178
0.287886
0.254193
0.316842
0.283416
0.000000
0.000000
0.000000
0.129306
0.135810
0.145732
0.137579
0.139150
0.127950
0.000000
0.000000
0.000000
0.189157
0.184135
0.186748
0.194908
0.213207
0.209867
0.000000
0.000000
0.000000
0.183055
0.192262
0.206308
0.194765
0.196990
0.181134
0.000000
0.000000
0.000000
0.267784
0.260673
0.264373
0.275925
0.301830
0.297101
0.000000
0.000000
0.000000
0.136173
0.131525
0.134780
0.153127
0.137969
0.133007
0.000000
0.000000
0.000000
0.190989
0.221065
0.236058
0.082913
0.167692
0.148700
0.000000
0.000000
0.000000
0.179643
0.173511
0.177806
0.202010
0.182013
0.175466
0.000000
0.000000
0.000000
0.251958
0.291634
0.311414
0.109380
0.221223
0.196169
0.000000
0.000000
0.000000
0.152970
0.167728
0.152974
0.148185
0.172120
0.153123
0.000000
0.000000
0.000000
0.234804
0.261022
0.270756
0.227748
0.236521
0.045118
0.000000
0.000000
0.000000
0.152840
0.167586
0.152845
0.148060
0.171974
0.152993
0.000000
0.000000
0.000000
0.234605
0.260801
0.270527
0.227555
0.236321
0.045080
0.000000
0.000000
0.000000
0.059974
0.075263
0.085083
0.081445
0.064891
0.028538
0.000000
0.000000
0.000000
0.329100
0.313594
0.319388
0.327701
0.316519
0.000000
0.000000
0.000000
0.000000
0.053733
0.067430
0.076229
0.072969
0.058138
0.025568
0.000000
0.000000
0.000000
0.294851
0.280959
0.286150
0.293598
0.283580
0.000000
0.000000
0.000000
0.000000
0.048816
0.057069
0.062762
0.090667
0.069993
0.064761
0.000000
0.000000
0.000000
0.279285
0.285249
0.304275
0.338203
0.285580
0.297058
0.000000
0.000000
0.000000
0.045141
0.052773
0.058037
0.083842
0.064724
0.059886
0.000000
0.000000
0.000000
0.258261
0.263776
0.281370
0.312744
0.264082
0.274696
0.000000
0.000000
0.000000
0.087223
0.102629
0.113673
0.104964
0.111865
0.037908
0.000000
0.000000
0.000000
0.240924
0.280172
0.281977
0.281790
0.295690
0.282193
0.000000
0.000000
0.000000
0.115792
0.136244
0.150905
0.139344
0.148505
0.050324
0.000000
0.000000
0.000000
0.319836
0.371939
0.374336
0.374087
0.392541
0.374623
0.000000
0.000000
0.000000
0.024737
0.087564
0.090426
0.063107
0.053149
0.039366
0.000000
0.000000
0.000000
0.098656
0.097089
0.100022
0.096301
0.113492
0.099948
0.000000
0.000000
0.000000
0.023027
0.081509
0.084173
0.058743
0.049474
0.036644
0.000000
0.000000
0.000000
0.091834
0.090376
0.093106
0.089642
0.105644
0.093037
0.000000
0.000000
0.000000
0.069236
0.071943
0.069304
0.097306
0.075479
0.076935
0.000000
0.000000
0.000000
0.400187
0.398729
0.356457
0.416928
0.390634
0.341908
0.000000
0.000000
0.000000
0.062373
0.064812
0.062435
0.087661
0.067998
0.069309
0.000000
0.000000
0.000000
0.360522
0.359208
0.321127
0.375603
0.351916
0.308020
0.000000
0.000000
0.000000
0.040458
0.042853
0.044067
0.056741
0.065367
0.047895
0.000000
0.000000
0.000000
0.174365
0.215915
0.231467
0.226374
0.225914
0.029798
0.000000
0.000000
0.000000
0.061772
0.065429
0.067282
0.086634
0.099805
0.073128
0.000000
0.000000
0.000000
0.266226
0.329665
0.353412
0.345635
0.344933
0.045497
0.000000
0.000000
0.000000
0.085138
0.085138
0.086445
0.110950
0.104581
0.104581
0.000000
0.000000
0.000000
0.242132
0.242132
0.244409
0.271714
0.266236
0.204301
0.000000
0.000000
0.000000
0.178975
0.178975
0.124017
0.061988
0.209068
0.192451
0.000000
0.000000
0.000000
0.094260
0.129231
0.145901
0.167502
0.131553
0.071513
0.000000
0.000000
0.000000
0.311420
0.349525
0.356596
0.314862
0.392464
0.351060
0.000000
0.000000
0.000000
0.049715
0.052223
0.055338
0.045820
0.062026
0.041088
0.000000
0.000000
0.000000
0.286266
0.321294
0.327793
0.289430
0.360764
0.322704
0.000000
0.000000
0.000000
0.045699
0.048005
0.050869
0.042119
0.057016
0.037769
0.000000
0.000000
0.000000
0.215379
0.209660
0.212635
0.221927
0.242762
0.238959
0.000000
0.000000
0.000000
0.050486
0.108170
0.162375
0.158562
0.096335
0.000000
0.000000
0.000000
0.000000
0.199760
0.194456
0.197216
0.205833
0.225157
0.221630
0.000000
0.000000
0.000000
0.046825
0.100326
0.150600
0.147064
0.089349
0.000000
0.000000
0.000000
0.000000
0.142473
0.164909
0.176094
0.061851
0.125094
0.110926
0.000000
0.000000
0.000000
0.294940
0.310667
0.313803
0.304885
0.325020
0.292929
0.000000
0.000000
0.000000
0.147404
0.170616
0.182188
0.063991
0.129423
0.114766
0.000000
0.000000
0.000000
0.305148
0.321419
0.324663
0.315437
0.336268
0.303068
0.000000
0.000000
0.000000
0.137368
0.152707
0.158402
0.133240
0.138373
0.026396
0.000000
0.000000
0.000000
0.158964
0.169675
0.167185
0.181746
0.175163
0.158412
0.000000
0.000000
0.000000
0.152879
0.169950
0.176288
0.148285
0.153997
0.029376
0.000000
0.000000
0.000000
0.176914
0.188834
0.186063
0.202268
0.194941
0.176299
0.000000
0.000000
0.000000
0.214457
0.204352
0.208128
0.213545
0.206258
0.000000
0.000000
0.000000
0.000000
0.285657
0.253965
0.268678
0.253700
0.303314
0.254298
0.000000
0.000000
0.000000
0.178214
0.169817
0.172955
0.177457
0.171401
0.000000
0.000000
0.000000
0.000000
0.237382
0.211045
0.223272
0.210826
0.252055
0.211322
0.000000
0.000000
0.000000
0.168805
0.172410
0.183910
0.204416
0.172610
0.179548
0.000000
0.000000
0.000000
0.232105
0.238341
0.255238
0.253705
0.250599
0.215383
0.000000
0.000000
0.000000
0.193722
0.197859
0.211056
0.234590
0.198088
0.206050
0.000000
0.000000
0.000000
0.266366
0.273521
0.292912
0.291154
0.287589
0.247175
0.000000
0.000000
0.000000
0.180718
0.210157
0.211512
0.211371
0.221798
0.211674
0.000000
0.000000
0.000000
0.049863
0.061152
0.064930
0.077457
0.071869
0.008313
0.000000
0.000000
0.000000
0.328411
0.381910
0.384372
0.384116
0.403064
0.384666
0.000000
0.000000
0.000000
0.090615
0.111130
0.117995
0.140759
0.130605
0.015107
0.000000
0.000000
0.000000
0.101301
0.099692
0.102704
0.098883
0.116535
0.102628
0.000000
0.000000
0.000000
0.000000
0.019774
0.042031
0.027193
0.026883
0.027082
0.000000
0.000000
0.000000
0.088570
0.087163
0.089797
0.086456
0.101889
0.089730
0.000000
0.000000
0.000000
0.000000
0.017289
0.036749
0.023776
0.023504
0.023678
0.000000
0.000000
0.000000
0.385964
0.384557
0.343788
0.402109
0.376750
0.329756
0.000000
0.000000
0.000000
0.122385
0.137716
0.148129
0.141187
0.148368
0.148368
0.000000
0.000000
0.000000
0.326940
0.325749
0.291214
0.340617
0.319136
0.279328
0.000000
0.000000
0.000000
0.103669
0.116656
0.125476
0.119596
0.125679
0.125679
0.000000
0.000000
0.000000
0.158123
0.195803
0.209907
0.205288
0.204871
0.027023
0.000000
0.000000
0.000000
0.126766
0.146521
0.146946
0.146722
0.158983
0.148744
0.000000
0.000000
0.000000
0.228381
0.282802
0.303173
0.296502
0.295900
0.039030
0.000000
0.000000
0.000000
0.183091
0.211624
0.212238
0.211914
0.229623
0.214835
0.000000
0.000000
0.000000
0.207712
0.207712
0.209666
0.233089
0.228390
0.175259
0.000000
0.000000
0.000000
0.110597
0.110597
0.112235
0.129338
0.067271
0.077765
0.000000
0.000000
0.000000
0.135224
0.185394
0.209309
0.240297
0.188726
0.102593
0.000000
0.000000
0.000000
0.106156
0.139642
0.148688
0.113862
0.119167
0.113314
0.000000
0.000000
0.000000
0.071321
0.074919
0.079388
0.065734
0.088982
0.058944
0.000000
0.000000
0.000000
0.309046
0.363739
0.391658
0.364605
0.291525
0.273705
0.000000
0.000000
0.000000
0.059484
0.062485
0.066213
0.054825
0.074214
0.049162
0.000000
0.000000
0.000000
0.257756
0.303373
0.326658
0.304095
0.243143
0.228280
0.000000
0.000000
0.000000
0.065715
0.140799
0.211355
0.206392
0.125394
0.000000
0.000000
0.000000
0.000000
0.144085
0.337817
0.365767
0.256316
0.155495
0.150603
0.000000
0.000000
0.000000
0.051286
0.109884
0.164948
0.161075
0.097862
0.000000
0.000000
0.000000
0.000000
0.112449
0.263643
0.285456
0.200037
0.121353
0.117536
0.000000
0.000000
0.000000
0.323039
0.340265
0.343699
0.333931
0.355985
0.320837
0.000000
0.000000
0.000000
0.043320
0.036740
0.033226
0.047174
0.052182
0.040715
0.000000
0.000000
0.000000
0.256510
0.270188
0.272915
0.265159
0.282670
0.254761
0.000000
0.000000
0.000000
0.034399
0.029174
0.026383
0.037459
0.041435
0.032330
0.000000
0.000000
0.000000
0.133627
0.142631
0.140538
0.152777
0.147243
0.133162
0.000000
0.000000
0.000000
0.271005
0.285699
0.296233
0.274841
0.270883
0.228620
0.000000
0.000000
0.000000
0.128856
0.137538
0.135520
0.147322
0.141986
0.128408
0.000000
0.000000
0.000000
0.261328
0.275498
0.285656
0.265027
0.261211
0.220457
0.000000
0.000000
0.000000
0.208059
0.184976
0.195692
0.184783
0.220920
0.185219
0.000000
0.000000
0.000000
0.154522
0.191721
0.204580
0.217586
0.228746
0.199217
0.000000
0.000000
0.000000
0.199571
0.177430
0.187709
0.177245
0.211907
0.177663
0.000000
0.000000
0.000000
0.148219
0.183900
0.196234
0.208709
0.219415
0.191090
0.000000
0.000000
0.000000
0.195135
0.200378
0.214583
0.213295
0.210683
0.181077
0.000000
0.000000
0.000000
0.254944
0.298117
0.325478
0.228731
0.063150
0.000000
0.000000
0.000000
0.000000
0.246066
0.252677
0.270590
0.268965
0.265672
0.228338
0.000000
0.000000
0.000000
0.321485
0.375926
0.410429
0.288430
0.079633
0.000000
0.000000
0.000000
0.000000
0.046063
0.056492
0.059982
0.071554
0.066392
0.007680
0.000000
0.000000
0.000000
0.112010
0.138006
0.138899
0.117225
0.103784
0.103784
0.000000
0.000000
0.000000
0.108744
0.133364
0.141603
0.168921
0.156735
0.018129
0.000000
0.000000
0.000000
0.264427
0.325797
0.327905
0.276739
0.245010
0.245010
0.000000
0.000000
0.000000
0.000000
0.023731
0.050441
0.032634
0.032261
0.032500
0.000000
0.000000
0.000000
0.260594
0.268222
0.308474
0.304901
0.271319
0.093919
0.000000
0.000000
0.000000
0.000000
0.024387
0.051835
0.033536
0.033153
0.033398
0.000000
0.000000
0.000000
0.267795
0.275634
0.316998
0.313327
0.278816
0.096514
0.000000
0.000000
0.000000
0.172624
0.194248
0.208935
0.199144
0.209272
0.209272
0.000000
0.000000
0.000000
0.124720
0.214148
0.298727
0.125469
0.311019
0.241693
0.000000
0.000000
0.000000
0.127789
0.143796
0.154669
0.147421
0.154919
0.154919
0.000000
0.000000
0.000000
0.092327
0.158528
0.221140
0.092882
0.230239
0.178919
0.000000
0.000000
0.000000
0.156259
0.180610
0.181134
0.180858
0.195972
0.183351
0.000000
0.000000
0.000000
0.272721
0.310162
0.352621
0.315155
0.314629
0.072931
0.000000
0.000000
0.000000
0.164066
0.189634
0.190184
0.189894
0.205763
0.192511
0.000000
0.000000
0.000000
0.286346
0.325658
0.370239
0.330901
0.330349
0.076575
0.000000
0.000000
0.000000
0.099105
0.099105
0.100573
0.115898
0.060281
0.069684
0.000000
0.000000
0.000000
0.123661
0.123661
0.133634
0.248748
0.125223
0.241246
0.000000
0.000000
0.000000
0.081874
0.107700
0.114676
0.087817
0.091909
0.087394
0.000000
0.000000
0.000000
0.184650
0.204257
0.200744
0.173376
0.225632
0.221074
0.000000
0.000000
0.000000
0.238354
0.280537
0.302069
0.281204
0.224841
0.211097
0.000000
0.000000
0.000000
0.235600
0.220334
0.223651
0.213402
0.239916
0.201665
0.000000
0.000000
0.000000
0.206957
0.243583
0.262280
0.244163
0.195224
0.183290
0.000000
0.000000
0.000000
0.204566
0.191311
0.194191
0.185292
0.208313
0.175101
0.000000
0.000000
0.000000
0.115689
0.271239
0.293680
0.205801
0.124850
0.120922
0.000000
0.000000
0.000000
0.226731
0.189052
0.186988
0.174510
0.197527
0.189286
0.000000
0.000000
0.000000
0.164927
0.386682
0.418674
0.293392
0.177987
0.172388
0.000000
0.000000
0.000000
0.323230
0.269514
0.266572
0.248784
0.281597
0.269848
0.000000
0.000000
0.000000
0.063537
0.053887
0.048732
0.069190
0.076535
0.059716
0.000000
0.000000
0.000000
0.078761
0.041551
0.053072
0.036375
0.038561
0.035269
0.000000
0.000000
0.000000
0.030548
0.025908
0.023430
0.033266
0.036797
0.028711
0.000000
0.000000
0.000000
0.037867
0.019977
0.025516
0.017489
0.018540
0.016957
0.000000
0.000000
0.000000
0.240668
0.253718
0.263072
0.244075
0.240561
0.203028
0.000000
0.000000
0.000000
0.386377
0.368253
0.369053
0.337460
0.242217
0.217560
0.000000
0.000000
0.000000
0.219875
0.231797
0.240344
0.222988
0.219777
0.185487
0.000000
0.000000
0.000000
0.352995
0.336437
0.337168
0.308305
0.221290
0.198763
0.000000
0.000000
0.000000
0.130012
0.161310
0.172128
0.183072
0.192462
0.167617
0.000000
0.000000
0.000000
0.013451
0.013081
0.014774
0.021006
0.015406
0.016447
0.000000
0.000000
0.000000
0.115314
0.143074
0.152670
0.162376
0.170705
0.148668
0.000000
0.000000
0.000000
0.011930
0.011602
0.013104
0.018632
0.013664
0.014588
0.000000
0.000000
0.000000
0.198346
0.231935
0.253222
0.177952
0.049131
0.000000
0.000000
0.000000
0.000000
0.372486
0.377429
0.371819
0.325554
0.340800
0.176653
0.000000
0.000000
0.000000
0.207982
0.243203
0.265524
0.186598
0.051518
0.000000
0.000000
0.000000
0.000000
0.390583
0.395766
0.389883
0.341370
0.357357
0.185236
0.000000
0.000000
0.000000
0.072464
0.089282
0.089859
0.075838
0.067143
0.067143
0.000000
0.000000
0.000000
0.038757
0.044485
0.051706
0.048000
0.057196
0.045616
0.000000
0.000000
0.000000
0.220425
0.271583
0.273340
0.230688
0.204239
0.204239
0.000000
0.000000
0.000000
0.117894
0.135317
0.157281
0.146009
0.173983
0.138757
0.000000
0.000000
0.000000
0.217230
0.223588
0.257142
0.254164
0.226170
0.078290
0.000000
0.000000
0.000000
0.181861
0.227044
0.276973
0.240377
0.176462
0.055379
0.000000
0.000000
0.000000
0.165142
0.169975
0.195483
0.193219
0.171938
0.059517
0.000000
0.000000
0.000000
0.138254
0.172603
0.210560
0.182739
0.134149
0.042100
0.000000
0.000000
0.000000
0.076911
0.132059
0.184216
0.077373
0.191797
0.149045
0.000000
0.000000
0.000000
0.307013
0.322616
0.326016
0.388722
0.326169
0.066245
0.000000
0.000000
0.000000
0.066045
0.113401
0.158190
0.066442
0.164699
0.127987
0.000000
0.000000
0.000000
0.263637
0.277036
0.279955
0.333802
0.280087
0.056886
0.000000
0.000000
0.000000
0.195087
0.221871
0.252243
0.225443
0.225066
0.052170
0.000000
0.000000
0.000000
0.206490
0.215378
0.225612
0.163719
0.202923
0.170514
0.000000
0.000000
0.000000
0.114433
0.130143
0.147959
0.132238
0.132018
0.030602
0.000000
0.000000
0.000000
0.121121
0.126335
0.132338
0.096033
0.119029
0.100019
0.000000
0.000000
0.000000
0.049419
0.049419
0.053404
0.099407
0.050043
0.096409
0.000000
0.000000
0.000000
0.353750
0.353750
0.359615
0.369627
0.388167
0.366564
0.000000
0.000000
0.000000
0.216556
0.239552
0.235432
0.203334
0.264620
0.259274
0.000000
0.000000
0.000000
0.217617
0.253304
0.123442
0.208561
0.157626
0.141484
0.000000
0.000000
0.000000
0.276311
0.258407
0.262297
0.250277
0.281372
0.236511
0.000000
0.000000
0.000000
0.069930
0.084698
0.068632
0.087260
0.088211
0.068863
0.000000
0.000000
0.000000
0.263242
0.246185
0.249891
0.238440
0.268065
0.225326
0.000000
0.000000
0.000000
0.066622
0.080692
0.065386
0.083133
0.084039
0.065606
0.000000
0.000000
0.000000
0.291765
0.243278
0.240622
0.224566
0.254185
0.243580
0.000000
0.000000
0.000000
0.173839
0.215497
0.230925
0.215975
0.203183
0.012999
0.000000
0.000000
0.000000
0.313365
0.261289
0.258436
0.241191
0.273003
0.261612
0.000000
0.000000
0.000000
0.186708
0.231450
0.248021
0.231964
0.218225
0.013962
0.000000
0.000000
0.000000
0.076357
0.040283
0.051452
0.035265
0.037384
0.034193
0.000000
0.000000
0.000000
0.192433
0.216580
0.218284
0.240535
0.237963
0.232486
0.000000
0.000000
0.000000
0.043769
0.023091
0.029493
0.020214
0.021429
0.019600
0.000000
0.000000
0.000000
0.110305
0.124146
0.125123
0.137878
0.136403
0.133264
0.000000
0.000000
0.000000
0.446592
0.425643
0.426568
0.390052
0.279965
0.251465
0.000000
0.000000
0.000000
0.036043
0.065311
0.092708
0.072554
0.116710
0.086269
0.000000
0.000000
0.000000
0.428888
0.408770
0.409658
0.374589
0.268867
0.241497
0.000000
0.000000
0.000000
0.034614
0.062722
0.089033
0.069678
0.112083
0.082849
0.000000
0.000000
0.000000
0.016343
0.015893
0.017951
0.025523
0.018718
0.019983
0.000000
0.000000
0.000000
0.165234
0.159294
0.159081
0.185739
0.172035
0.168977
0.000000
0.000000
0.000000
0.009005
0.008757
0.009891
0.014063
0.010313
0.011010
0.000000
0.000000
0.000000
0.091041
0.087768
0.087651
0.102339
0.094788
0.093103
0.000000
0.000000
0.000000
0.281140
0.284871
0.280636
0.245717
0.257224
0.133332
0.000000
0.000000
0.000000
0.305970
0.313275
0.329246
0.297639
0.297514
0.294937
0.000000
0.000000
0.000000
0.279911
0.283625
0.279409
0.244643
0.256100
0.132749
0.000000
0.000000
0.000000
0.304633
0.311906
0.327807
0.296338
0.296214
0.293648
0.000000
0.000000
0.000000
0.027775
0.031880
0.037055
0.034399
0.040990
0.032691
0.000000
0.000000
0.000000
0.120400
0.106957
0.093556
0.054883
0.093380
0.085045
0.000000
0.000000
0.000000
0.073786
0.084690
0.098437
0.091382
0.108890
0.086843
0.000000
0.000000
0.000000
0.319845
0.284135
0.248533
0.145798
0.248067
0.225925
0.000000
0.000000
0.000000
0.113821
0.142099
0.173348
0.150444
0.110441
0.034660
0.000000
0.000000
0.000000
0.265875
0.285331
0.296761
0.285456
0.276440
0.272033
0.000000
0.000000
0.000000
0.109424
0.136610
0.166651
0.144632
0.106175
0.033321
0.000000
0.000000
0.000000
0.255604
0.274308
0.285297
0.274429
0.265761
0.261524
0.000000
0.000000
0.000000
0.242991
0.255340
0.258032
0.307661
0.258153
0.052431
0.000000
0.000000
0.000000
0.129075
0.135268
0.114400
0.182940
0.149725
0.114811
0.000000
0.000000
0.000000
0.248050
0.260656
0.263404
0.314067
0.263528
0.053522
0.000000
0.000000
0.000000
0.131763
0.138085
0.116782
0.186749
0.152842
0.117201
0.000000
0.000000
0.000000
0.194282
0.202644
0.212273
0.154039
0.190925
0.160433
0.000000
0.000000
0.000000
0.244126
0.246909
0.254515
0.209895
0.208812
0.159289
0.000000
0.000000
0.000000
0.120774
0.125973
0.131959
0.095758
0.118688
0.099732
0.000000
0.000000
0.000000
0.151760
0.153490
0.158218
0.130480
0.129807
0.099022
0.000000
0.000000
0.000000
0.352737
0.352737
0.358585
0.368569
0.387055
0.365514
0.000000
0.000000
0.000000
0.025462
0.025462
0.039926
0.044167
0.035907
0.028460
0.000000
0.000000
0.000000
0.252956
0.294438
0.143488
0.242429
0.183223
0.164459
0.000000
0.000000
0.000000
0.271077
0.299279
0.349324
0.336609
0.303962
0.169898
0.000000
0.000000
0.000000
0.081285
0.098452
0.079777
0.101431
0.102536
0.080046
0.000000
0.000000
0.000000
0.150921
0.162520
0.184966
0.180793
0.153856
0.008217
0.000000
0.000000
0.000000
0.087009
0.105384
0.085394
0.108573
0.109756
0.085682
0.000000
0.000000
0.000000
0.161548
0.173963
0.197989
0.193523
0.164689
0.008796
0.000000
0.000000
0.000000
0.227034
0.281439
0.301589
0.282064
0.265358
0.016977
0.000000
0.000000
0.000000
0.238190
0.271988
0.283813
0.314155
0.240859
0.206649
0.000000
0.000000
0.000000
0.152953
0.189606
0.203181
0.190026
0.178772
0.011438
0.000000
0.000000
0.000000
0.160469
0.183238
0.191205
0.211646
0.162267
0.139220
0.000000
0.000000
0.000000
0.157642
0.177423
0.178820
0.197048
0.194941
0.190454
0.000000
0.000000
0.000000
0.244788
0.270786
0.268377
0.285164
0.278644
0.281313
0.000000
0.000000
0.000000
0.092181
0.103748
0.104565
0.115224
0.113992
0.111368
0.000000
0.000000
0.000000
0.143140
0.158342
0.156934
0.166750
0.162937
0.164498
0.000000
0.000000
0.000000
0.030121
0.054580
0.077476
0.060633
0.097534
0.072095
0.000000
0.000000
0.000000
0.271003
0.383707
0.397736
0.449677
0.302087
0.280926
0.000000
0.000000
0.000000
0.025930
0.046986
0.066697
0.052198
0.083964
0.062064
0.000000
0.000000
0.000000
0.233299
0.330323
0.342400
0.387114
0.260058
0.241842
0.000000
0.000000
0.000000
0.123780
0.119331
0.119172
0.139141
0.128876
0.126584
0.000000
0.000000
0.000000
0.285748
0.277186
0.237617
0.211884
0.219172
0.136592
0.000000
0.000000
0.000000
0.100791
0.097168
0.097038
0.113299
0.104940
0.103074
0.000000
0.000000
0.000000
0.232677
0.225705
0.193485
0.172531
0.178465
0.111223
0.000000
0.000000
0.000000
0.338739
0.346826
0.364507
0.329515
0.329377
0.326524
0.000000
0.000000
0.000000
0.054981
0.069798
0.070029
0.070060
0.074107
0.072261
0.000000
0.000000
0.000000
0.374384
0.383322
0.402864
0.364190
0.364037
0.360883
0.000000
0.000000
0.000000
0.060767
0.077143
0.077398
0.077432
0.081905
0.079865
0.000000
0.000000
0.000000
0.147967
0.131447
0.114977
0.067450
0.114761
0.104518
0.000000
0.000000
0.000000
0.085717
0.078398
0.080640
0.083550
0.081987
0.075868
0.000000
0.000000
0.000000
0.298840
0.265475
0.232211
0.136223
0.231776
0.211088
0.000000
0.000000
0.000000
0.173117
0.158336
0.162864
0.168740
0.165584
0.153226
0.000000
0.000000
0.000000
0.248415
0.266593
0.277272
0.266710
0.258286
0.254168
0.000000
0.000000
0.000000
0.097124
0.120834
0.124009
0.149542
0.127892
0.135232
0.000000
0.000000
0.000000
0.300260
0.322232
0.335140
0.322373
0.312191
0.307213
0.000000
0.000000
0.000000
0.117394
0.146053
0.149890
0.180753
0.154583
0.163455
0.000000
0.000000
0.000000
0.151626
0.158901
0.134387
0.214901
0.175883
0.134869
0.000000
0.000000
0.000000
0.122101
0.133403
0.141516
0.126882
0.119568
0.111018
0.000000
0.000000
0.000000
0.180844
0.189521
0.160283
0.256312
0.209775
0.160859
0.000000
0.000000
0.000000
0.145629
0.159110
0.168786
0.151332
0.142609
0.132411
0.000000
0.000000
0.000000
0.335062
0.338882
0.349321
0.288080
0.286594
0.218624
0.000000
0.000000
0.000000
0.072848
0.099336
0.148089
0.145854
0.102554
0.058103
0.000000
0.000000
0.000000
0.336974
0.340816
0.351314
0.289724
0.288229
0.219872
0.000000
0.000000
0.000000
0.073263
0.099903
0.148934
0.146686
0.103139
0.058435
0.000000
0.000000
0.000000
0.056536
0.056536
0.088654
0.098070
0.079729
0.063194
0.000000
0.000000
0.000000
0.276176
0.276176
0.287077
0.294916
0.034361
0.032808
0.000000
0.000000
0.000000
0.153202
0.169141
0.197424
0.190238
0.171787
0.096020
0.000000
0.000000
0.000000
0.274966
0.274847
0.304967
0.306624
0.285230
0.256546
0.000000
0.000000
0.000000
0.085295
0.091850
0.104535
0.102177
0.086953
0.004644
0.000000
0.000000
0.000000
0.208131
0.208621
0.236713
0.234607
0.245728
0.213826
0.000000
0.000000
0.000000
0.109918
0.118365
0.134713
0.131674
0.112055
0.005985
0.000000
0.000000
0.000000
0.268214
0.268846
0.305048
0.302334
0.316666
0.275554
0.000000
0.000000
0.000000
0.162066
0.185062
0.193108
0.213752
0.163882
0.140605
0.000000
0.000000
0.000000
0.272600
0.254546
0.184344
0.175392
0.158984
0.041225
0.000000
0.000000
0.000000
0.049577
0.056611
0.059073
0.065388
0.050132
0.043012
0.000000
0.000000
0.000000
0.083390
0.077867
0.056392
0.053653
0.048634
0.012611
0.000000
0.000000
0.000000
0.075627
0.083659
0.082915
0.088101
0.086087
0.086912
0.000000
0.000000
0.000000
0.407872
0.440418
0.441414
0.393985
0.393172
0.230882
0.000000
0.000000
0.000000
0.058499
0.064711
0.064136
0.068148
0.066589
0.067227
0.000000
0.000000
0.000000
0.315494
0.340669
0.341439
0.304752
0.304123
0.178590
0.000000
0.000000
0.000000
0.110754
0.156814
0.162548
0.183775
0.123457
0.114809
0.000000
0.000000
0.000000
0.234811
0.244799
0.251929
0.242964
0.249419
0.000000
0.000000
0.000000
0.000000
0.149532
0.211719
0.219460
0.248119
0.166683
0.155007
0.000000
0.000000
0.000000
0.317025
0.330510
0.340136
0.328033
0.336748
0.000000
0.000000
0.000000
0.000000
0.183149
0.177661
0.152299
0.135806
0.140477
0.087548
0.000000
0.000000
0.000000
0.140369
0.151459
0.139224
0.126171
0.087653
0.071188
0.000000
0.000000
0.000000
0.362271
0.351415
0.301250
0.268626
0.277865
0.173170
0.000000
0.000000
0.000000
0.277650
0.299587
0.275387
0.249567
0.173378
0.140810
0.000000
0.000000
0.000000
0.085604
0.108674
0.109033
0.109081
0.115382
0.112508
0.000000
0.000000
0.000000
0.103158
0.101867
0.100070
0.101544
0.100341
0.000000
0.000000
0.000000
0.000000
0.186884
0.237247
0.238031
0.238137
0.251891
0.245617
0.000000
0.000000
0.000000
0.225205
0.222387
0.218465
0.221682
0.219055
0.000000
0.000000
0.000000
0.000000
0.263616
0.241107
0.248002
0.256950
0.252145
0.233326
0.000000
0.000000
0.000000
0.070889
0.094580
0.101224
0.103851
0.104951
0.086182
0.000000
0.000000
0.000000
0.246145
0.225128
0.231566
0.239921
0.235434
0.217863
0.000000
0.000000
0.000000
0.066191
0.088312
0.094515
0.096968
0.097995
0.080471
0.000000
0.000000
0.000000
0.138095
0.171807
0.176321
0.212626
0.181842
0.192278
0.000000
0.000000
0.000000
0.301094
0.285474
0.278716
0.278148
0.230142
0.230142
0.000000
0.000000
0.000000
0.147407
0.183392
0.188211
0.226963
0.194103
0.205244
0.000000
0.000000
0.000000
0.321397
0.304724
0.297509
0.296904
0.245660
0.245660
0.000000
0.000000
0.000000
0.153316
0.167508
0.177696
0.159320
0.150136
0.139401
0.000000
0.000000
0.000000
0.072522
0.139993
0.172916
0.177480
0.160452
0.147952
0.000000
0.000000
0.000000
0.207526
0.226736
0.240525
0.215652
0.203222
0.188690
0.000000
0.000000
0.000000
0.098165
0.189492
0.234056
0.240234
0.217185
0.200265
0.000000
0.000000
0.000000
0.103810
0.141557
0.211031
0.207845
0.146142
0.082798
0.000000
0.000000
0.000000
0.271514
0.205796
0.213235
0.233080
0.297693
0.166432
0.000000
0.000000
0.000000
0.088345
0.120468
0.179593
0.176881
0.124370
0.070463
0.000000
0.000000
0.000000
0.231064
0.175137
0.181468
0.198356
0.253343
0.141638
0.000000
0.000000
0.000000
0.333027
0.333027
0.346172
0.355624
0.041434
0.039561
0.000000
0.000000
0.000000
0.208520
0.208520
0.211906
0.188310
0.089963
0.079422
0.000000
0.000000
0.000000
0.175502
0.175427
0.194652
0.195709
0.182054
0.163745
0.000000
0.000000
0.000000
0.072365
0.088291
0.089433
0.106855
0.099150
0.082588
0.000000
0.000000
0.000000
0.132844
0.133156
0.151087
0.149743
0.156841
0.136479
0.000000
0.000000
0.000000
0.315048
0.324470
0.325767
0.324902
0.327533
0.325306
0.000000
0.000000
0.000000
0.102451
0.102692
0.116520
0.115484
0.120958
0.105255
0.000000
0.000000
0.000000
0.242969
0.250236
0.251236
0.250569
0.252599
0.250881
0.000000
0.000000
0.000000
0.104126
0.097230
0.070415
0.066995
0.060728
0.015747
0.000000
0.000000
0.000000
0.228354
0.314225
0.320907
0.319581
0.331860
0.228531
0.000000
0.000000
0.000000
0.072391
0.067597
0.048954
0.046577
0.042220
0.010948
0.000000
0.000000
0.000000
0.158758
0.218458
0.223104
0.222182
0.230719
0.158882
0.000000
0.000000
0.000000
0.354077
0.382331
0.383195
0.342022
0.341316
0.200430
0.000000
0.000000
0.000000
0.100625
0.086638
0.089112
0.092076
0.084189
0.002666
0.000000
0.000000
0.000000
0.316409
0.341657
0.342429
0.305636
0.305006
0.179108
0.000000
0.000000
0.000000
0.089920
0.077422
0.079632
0.082280
0.075233
0.002383
0.000000
0.000000
0.000000
0.235493
0.245510
0.252660
0.243669
0.250143
0.000000
0.000000
0.000000
0.000000
0.141832
0.128544
0.128912
0.157881
0.128788
0.135033
0.000000
0.000000
0.000000
0.269484
0.280947
0.289129
0.278841
0.286249
0.000000
0.000000
0.000000
0.000000
0.162305
0.147099
0.147520
0.180670
0.147377
0.154524
0.000000
0.000000
0.000000
0.119319
0.128746
0.118346
0.107250
0.074509
0.060512
0.000000
0.000000
0.000000
0.280078
0.280152
0.269385
0.283409
0.202270
0.202270
0.000000
0.000000
0.000000
0.156443
0.168803
0.155168
0.140620
0.097691
0.079340
0.000000
0.000000
0.000000
0.367220
0.367318
0.353200
0.371587
0.265203
0.265203
0.000000
0.000000
0.000000
0.058125
0.057397
0.056385
0.057215
0.056537
0.000000
0.000000
0.000000
0.000000
0.230435
0.209079
0.209106
0.174759
0.163320
0.000000
0.000000
0.000000
0.000000
0.120050
0.118548
0.116457
0.118172
0.116772
0.000000
0.000000
0.000000
0.000000
0.475937
0.431828
0.431884
0.360945
0.337320
0.000000
0.000000
0.000000
0.000000
0.037789
0.050418
0.053959
0.055360
0.055946
0.045941
0.000000
0.000000
0.000000
0.097024
0.126364
0.129478
0.113836
0.096592
0.084671
0.000000
0.000000
0.000000
0.070001
0.093396
0.099957
0.102551
0.103637
0.085104
0.000000
0.000000
0.000000
0.179731
0.234081
0.239851
0.210874
0.178931
0.156849
0.000000
0.000000
0.000000
0.318428
0.301909
0.294761
0.294161
0.243391
0.243391
0.000000
0.000000
0.000000
0.167498
0.189436
0.206188
0.181494
0.217542
0.176113
0.000000
0.000000
0.000000
0.277700
0.263294
0.257060
0.256537
0.212260
0.212260
0.000000
0.000000
0.000000
0.146074
0.165207
0.179816
0.158280
0.189717
0.153588
0.000000
0.000000
0.000000
0.062662
0.120960
0.149407
0.153350
0.138637
0.127837
0.000000
0.000000
0.000000
0.272510
0.259269
0.254239
0.267228
0.284289
0.087462
0.000000
0.000000
0.000000
0.078066
0.150694
0.186133
0.191047
0.172717
0.159261
0.000000
0.000000
0.000000
0.339498
0.323002
0.316735
0.332917
0.354172
0.108961
0.000000
0.000000
0.000000
0.215922
0.163659
0.169576
0.185357
0.236741
0.132356
0.000000
0.000000
0.000000
0.094965
0.086836
0.083744
0.103580
0.137035
0.116788
0.000000
0.000000
0.000000
0.160976
0.122012
0.126423
0.138189
0.176496
0.098675
0.000000
0.000000
0.000000
0.070799
0.064738
0.062433
0.077221
0.102163
0.087068
0.000000
0.000000
0.000000
0.145270
0.145270
0.147629
0.131190
0.062674
0.055331
0.000000
0.000000
0.000000
0.384588
0.384588
0.386494
0.393744
0.397142
0.000000
0.000000
0.000000
0.000000
0.080880
0.098679
0.099956
0.119428
0.110816
0.092306
0.000000
0.000000
0.000000
0.164526
0.182357
0.173639
0.128769
0.121557
0.076549
0.000000
0.000000
0.000000
0.352117
0.362647
0.364097
0.363131
0.366071
0.363582
0.000000
0.000000
0.000000
0.046481
0.068784
0.074495
0.071252
0.057313
0.063587
0.000000
0.000000
0.000000
0.245773
0.253123
0.254136
0.253461
0.255513
0.253776
0.000000
0.000000
0.000000
0.032443
0.048010
0.051997
0.049733
0.040004
0.044383
0.000000
0.000000
0.000000
0.230989
0.317851
0.324610
0.323268
0.335689
0.231169
0.000000
0.000000
0.000000
0.110658
0.109790
0.111423
0.114562
0.110299
0.111863
0.000000
0.000000
0.000000
0.256861
0.353452
0.360968
0.359476
0.373288
0.257061
0.000000
0.000000
0.000000
0.123052
0.122087
0.123903
0.127394
0.122653
0.124392
0.000000
0.000000
0.000000
0.162805
0.140176
0.144178
0.148973
0.136212
0.004314
0.000000
0.000000
0.000000
0.149113
0.152499
0.159033
0.161239
0.153237
0.155032
0.000000
0.000000
0.000000
0.205316
0.176777
0.181824
0.187871
0.171779
0.005440
0.000000
0.000000
0.000000
0.188048
0.192318
0.200559
0.203340
0.193249
0.195513
0.000000
0.000000
0.000000
0.323846
0.293506
0.294346
0.360490
0.294061
0.308321
0.000000
0.000000
0.000000
0.026062
0.041438
0.041709
0.055475
0.044859
0.028951
0.000000
0.000000
0.000000
0.218044
0.197616
0.198182
0.242717
0.197990
0.207591
0.000000
0.000000
0.000000
0.017548
0.027900
0.028083
0.037351
0.030204
0.019493
0.000000
0.000000
0.000000
0.376264
0.376364
0.361899
0.380739
0.271735
0.271735
0.000000
0.000000
0.000000
0.046141
0.058455
0.082129
0.066684
0.062861
0.028873
0.000000
0.000000
0.000000
0.379405
0.379507
0.364920
0.383918
0.274004
0.274004
0.000000
0.000000
0.000000
0.046527
0.058943
0.082815
0.067241
0.063386
0.029114
0.000000
0.000000
0.000000
0.238082
0.216017
0.216045
0.180558
0.168740
0.000000
0.000000
0.000000
0.000000
0.074701
0.077874
0.080547
0.073762
0.118528
0.103483
0.000000
0.000000
0.000000
0.379583
0.344404
0.344449
0.287871
0.269029
0.000000
0.000000
0.000000
0.000000
0.119099
0.124157
0.128419
0.117602
0.188973
0.164987
0.000000
0.000000
0.000000
0.077381
0.100781
0.103265
0.090789
0.077037
0.067529
0.000000
0.000000
0.000000
0.183861
0.224173
0.233641
0.226087
0.232093
0.226678
0.000000
0.000000
0.000000
0.119208
0.155256
0.159083
0.139864
0.118677
0.104031
0.000000
0.000000
0.000000
0.283244
0.345346
0.359932
0.348294
0.357547
0.349204
0.000000
0.000000
0.000000
0.111094
0.125645
0.136756
0.120377
0.144286
0.116808
0.000000
0.000000
0.000000
0.129584
0.123901
0.126285
0.128458
0.125171
0.125422
0.000000
0.000000
0.000000
0.164931
0.186533
0.203028
0.178713
0.214208
0.173414
0.000000
0.000000
0.000000
0.192382
0.183945
0.187484
0.190709
0.185830
0.186203
0.000000
0.000000
0.000000
0.307688
0.292738
0.287058
0.301724
0.320988
0.098752
0.000000
0.000000
0.000000
0.063547
0.136741
0.169201
0.141830
0.143167
0.136919
0.000000
0.000000
0.000000
0.369044
0.351113
0.344300
0.361890
0.384996
0.118444
0.000000
0.000000
0.000000
0.076219
0.164009
0.202942
0.170112
0.171716
0.164222
0.000000
0.000000
0.000000
0.103230
0.094393
0.091032
0.112594
0.148961
0.126952
0.000000
0.000000
0.000000
0.146415
0.161394
0.165816
0.089483
0.072920
0.048367
0.000000
0.000000
0.000000
0.071339
0.065232
0.062909
0.077810
0.102942
0.087732
0.000000
0.000000
0.000000
0.101183
0.111534
0.114590
0.061839
0.050393
0.033425
0.000000
0.000000
0.000000
0.387521
0.387521
0.389441
0.396747
0.400171
0.000000
0.000000
0.000000
0.000000
0.148590
0.148590
0.149714
0.161450
0.175384
0.161579
0.000000
0.000000
0.000000
0.274281
0.304007
0.289474
0.214670
0.202647
0.127615
0.000000
0.000000
0.000000
0.276168
0.281325
0.300905
0.313825
0.322140
0.288481
0.000000
0.000000
0.000000
0.077488
0.114669
0.124191
0.118785
0.095547
0.106007
0.000000
0.000000
0.000000
0.086846
0.078769
0.081676
0.085019
0.101960
0.081161
0.000000
0.000000
0.000000
0.103113
0.152590
0.165260
0.158066
0.127145
0.141063
0.000000
0.000000
0.000000
0.115565
0.104818
0.108686
0.113134
0.135678
0.108000
0.000000
0.000000
0.000000
0.351702
0.348943
0.354133
0.364112
0.350561
0.355532
0.000000
0.000000
0.000000
0.084724
0.078045
0.086589
0.109633
0.081152
0.081152
0.000000
0.000000
0.000000
0.225113
0.223347
0.226669
0.233056
0.224383
0.227565
0.000000
0.000000
0.000000
0.054229
0.049954
0.055423
0.070173
0.051943
0.051943
0.000000
0.000000
0.000000
0.272789
0.278983
0.290938
0.294972
0.280333
0.283618
0.000000
0.000000
0.000000
0.154489
0.174729
0.197206
0.179172
0.175650
0.183347
0.000000
0.000000
0.000000
0.236495
0.241866
0.252230
0.255727
0.243036
0.245884
0.000000
0.000000
0.000000
0.133935
0.151482
0.170968
0.155334
0.152281
0.158953
0.000000
0.000000
0.000000
0.032777
0.052114
0.052455
0.069767
0.056417
0.036410
0.000000
0.000000
0.000000
0.394297
0.416526
0.371969
0.034255
0.088208
0.046184
0.000000
0.000000
0.000000
0.026256
0.041745
0.042019
0.055886
0.045192
0.029166
0.000000
0.000000
0.000000
0.315849
0.333656
0.297964
0.027440
0.070658
0.036995
0.000000
0.000000
0.000000
0.069039
0.087463
0.122886
0.099776
0.094056
0.043202
0.000000
0.000000
0.000000
0.261411
0.331568
0.345710
0.333896
0.342277
0.328920
0.000000
0.000000
0.000000
0.070277
0.089032
0.125090
0.101565
0.095743
0.043976
0.000000
0.000000
0.000000
0.266099
0.337514
0.351910
0.339883
0.348415
0.334818
0.000000
0.000000
0.000000
0.112834
0.117626
0.121664
0.111416
0.179032
0.156308
0.000000
0.000000
0.000000
0.055904
0.208428
0.209914
0.183177
0.180778
0.159237
0.000000
0.000000
0.000000
0.131875
0.137476
0.142195
0.130218
0.209245
0.182685
0.000000
0.000000
0.000000
0.065338
0.243601
0.245338
0.214089
0.211285
0.186109
0.000000
0.000000
0.000000
0.203584
0.248221
0.258705
0.250340
0.256990
0.250994
0.000000
0.000000
0.000000
0.203627
0.194372
0.208716
0.191181
0.203774
0.194632
0.000000
0.000000
0.000000
0.242311
0.295438
0.307917
0.297961
0.305876
0.298740
0.000000
0.000000
0.000000
0.242362
0.231347
0.248419
0.227549
0.242537
0.231656
0.000000
0.000000
0.000000
0.110858
0.105996
0.108036
0.109894
0.107083
0.107297
0.000000
0.000000
0.000000
0.137177
0.135157
0.135058
0.108254
0.098065
0.049487
0.000000
0.000000
0.000000
0.197081
0.188438
0.192064
0.195368
0.190370
0.190751
0.000000
0.000000
0.000000
0.243872
0.240281
0.240105
0.192453
0.174339
0.087978
0.000000
0.000000
0.000000
0.065100
0.140082
0.173335
0.145295
0.146664
0.140263
0.000000
0.000000
0.000000
0.267190
0.258405
0.268741
0.243163
0.275986
0.257005
0.000000
0.000000
0.000000
0.058887
0.126713
0.156793
0.131429
0.132667
0.126877
0.000000
0.000000
0.000000
0.241691
0.233744
0.243094
0.219957
0.249648
0.232478
0.000000
0.000000
0.000000
0.113120
0.124693
0.128109
0.069134
0.056338
0.037368
0.000000
0.000000
0.000000
0.277883
0.275685
0.306300
0.288835
0.310694
0.294820
0.000000
0.000000
0.000000
0.101666
0.112067
0.115137
0.062134
0.050633
0.033584
0.000000
0.000000
0.000000
0.249745
0.247769
0.275284
0.259588
0.279233
0.264967
0.000000
0.000000
0.000000
0.149299
0.149299
0.150428
0.162221
0.176221
0.162349
0.000000
0.000000
0.000000
0.245080
0.245080
0.252920
0.261858
0.274910
0.249022
0.000000
0.000000
0.000000
0.241488
0.245998
0.263119
0.274416
0.281687
0.252255
0.000000
0.000000
0.000000
0.227750
0.227750
0.234730
0.227864
0.246012
0.130793
0.000000
0.000000
0.000000
0.075940
0.068878
0.071420
0.074343
0.089157
0.070969
0.000000
0.000000
0.000000
0.237435
0.217717
0.222233
0.197765
0.202254
0.194828
0.000000
0.000000
0.000000
0.115245
0.104527
0.108385
0.112821
0.135302
0.107701
0.000000
0.000000
0.000000
0.360326
0.330402
0.337257
0.300124
0.306936
0.295666
0.000000
0.000000
0.000000
0.084489
0.077829
0.086350
0.109329
0.080927
0.080927
0.000000
0.000000
0.000000
0.159612
0.202153
0.222979
0.221029
0.219659
0.195184
0.000000
0.000000
0.000000
0.095298
0.087785
0.097396
0.123315
0.091280
0.091280
0.000000
0.000000
0.000000
0.180031
0.228013
0.251503
0.249304
0.247759
0.220152
0.000000
0.000000
0.000000
0.271485
0.307054
0.346552
0.314861
0.308673
0.322197
0.000000
0.000000
0.000000
0.124661
0.079326
0.078954
0.053595
0.061554
0.034007
0.000000
0.000000
0.000000
0.162751
0.184074
0.207752
0.188754
0.185044
0.193152
0.000000
0.000000
0.000000
0.074732
0.047555
0.047332
0.032130
0.036901
0.020387
0.000000
0.000000
0.000000
0.479130
0.506142
0.451999
0.041626
0.107186
0.056120
0.000000
0.000000
0.000000
0.115905
0.135316
0.107280
0.105977
0.089869
0.086106
0.000000
0.000000
0.000000
0.312097
0.329692
0.294424
0.027114
0.069819
0.036556
0.000000
0.000000
0.000000
0.075498
0.088142
0.069880
0.069031
0.058539
0.056088
0.000000
0.000000
0.000000
0.258305
0.327629
0.341603
0.329929
0.338211
0.325012
0.000000
0.000000
0.000000
0.083665
0.089435
0.097592
0.090759
0.096571
0.094148
0.000000
0.000000
0.000000
0.195631
0.248134
0.258718
0.249876
0.256149
0.246152
0.000000
0.000000
0.000000
0.063365
0.067735
0.073912
0.068737
0.073140
0.071304
0.000000
0.000000
0.000000
0.041100
0.153233
0.154325
0.134668
0.132905
0.117068
0.000000
0.000000
0.000000
0.301317
0.325178
0.300650
0.295317
0.291826
0.239938
0.000000
0.000000
0.000000
0.048172
0.179601
0.180881
0.157842
0.155775
0.137214
0.000000
0.000000
0.000000
0.353167
0.381134
0.352386
0.346135
0.342044
0.281227
0.000000
0.000000
0.000000
0.150129
0.143306
0.153881
0.140953
0.150238
0.143497
0.000000
0.000000
0.000000
0.090704
0.056087
0.068039
0.060071
0.069491
0.020347
0.000000
0.000000
0.000000
0.316391
0.302012
0.324299
0.297054
0.316621
0.302416
0.000000
0.000000
0.000000
0.191156
0.118201
0.143389
0.126597
0.146449
0.042880
0.000000
0.000000
0.000000
0.179078
0.176441
0.176312
0.141321
0.128020
0.064603
0.000000
0.000000
0.000000
0.162869
0.171553
0.173695
0.174358
0.175837
0.175837
0.000000
0.000000
0.000000
0.223749
0.220454
0.220293
0.176573
0.159954
0.080719
0.000000
0.000000
0.000000
0.203497
0.214347
0.217023
0.217852
0.219700
0.219700
0.000000
0.000000
0.000000
0.245144
0.237083
0.246567
0.223099
0.253214
0.235799
0.000000
0.000000
0.000000
0.173585
0.196659
0.180842
0.168657
0.175473
0.061161
0.000000
0.000000
0.000000
0.215930
0.208830
0.217183
0.196513
0.223038
0.207699
0.000000
0.000000
0.000000
0.152899
0.173223
0.159291
0.148558
0.154562
0.053872
0.000000
0.000000
0.000000
0.248264
0.246300
0.273652
0.258049
0.277578
0.263396
0.000000
0.000000
0.000000
0.187189
0.180768
0.183447
0.215567
0.181968
0.111008
0.000000
0.000000
0.000000
0.242814
0.240892
0.267644
0.252383
0.271483
0.257613
0.000000
0.000000
0.000000
0.183079
0.176799
0.179419
0.210834
0.177973
0.108570
0.000000
0.000000
0.000000
0.238278
0.238278
0.245900
0.254591
0.267280
0.242111
0.000000
0.000000
0.000000
0.093431
0.093431
0.103554
0.108467
0.096505
0.067685
0.000000
0.000000
0.000000
0.206247
0.206247
0.212568
0.206351
0.222785
0.118444
0.000000
0.000000
0.000000
0.212992
0.219238
0.230510
0.224539
0.209780
0.206436
0.000000
0.000000
0.000000
0.215018
0.197161
0.201252
0.179094
0.183158
0.176433
0.000000
0.000000
0.000000
0.187662
0.215091
0.220905
0.220553
0.215362
0.179516
0.000000
0.000000
0.000000
0.271942
0.249358
0.254531
0.226507
0.231648
0.223143
0.000000
0.000000
0.000000
0.237344
0.272035
0.279388
0.278942
0.272377
0.227042
0.000000
0.000000
0.000000
0.120461
0.152567
0.168285
0.166813
0.165779
0.147307
0.000000
0.000000
0.000000
0.093977
0.096471
0.102093
0.139315
0.177320
0.099275
0.000000
0.000000
0.000000
0.198694
0.251650
0.277576
0.275148
0.273443
0.242975
0.000000
0.000000
0.000000
0.155009
0.159123
0.168397
0.229792
0.292478
0.163748
0.000000
0.000000
0.000000
0.137584
0.087550
0.087139
0.059151
0.067935
0.037533
0.000000
0.000000
0.000000
0.228487
0.216601
0.226706
0.250908
0.238533
0.231693
0.000000
0.000000
0.000000
0.132836
0.084528
0.084132
0.057110
0.065591
0.036237
0.000000
0.000000
0.000000
0.220601
0.209126
0.218882
0.242249
0.230301
0.223697
0.000000
0.000000
0.000000
0.206020
0.240524
0.190689
0.188373
0.159741
0.153053
0.000000
0.000000
0.000000
0.301438
0.255004
0.258430
0.254784
0.272493
0.272493
0.000000
0.000000
0.000000
0.149386
0.174405
0.138270
0.136591
0.115829
0.110979
0.000000
0.000000
0.000000
0.218575
0.184905
0.187389
0.184745
0.197587
0.197587
0.000000
0.000000
0.000000
0.165546
0.176964
0.193102
0.179582
0.191083
0.186288
0.000000
0.000000
0.000000
0.311329
0.254574
0.209105
0.263859
0.338449
0.255663
0.000000
0.000000
0.000000
0.051541
0.055096
0.060121
0.055911
0.059492
0.057999
0.000000
0.000000
0.000000
0.096930
0.079260
0.065103
0.082151
0.105374
0.079599
0.000000
0.000000
0.000000
0.245093
0.264502
0.244551
0.240213
0.237374
0.195167
0.000000
0.000000
0.000000
0.335970
0.323537
0.326033
0.302122
0.304350
0.294666
0.000000
0.000000
0.000000
0.244784
0.264168
0.244242
0.239909
0.237074
0.194921
0.000000
0.000000
0.000000
0.335546
0.323129
0.325621
0.301740
0.303966
0.294294
0.000000
0.000000
0.000000
0.062868
0.038874
0.047158
0.041636
0.048165
0.014103
0.000000
0.000000
0.000000
0.125635
0.095359
0.098716
0.100026
0.096106
0.000000
0.000000
0.000000
0.000000
0.197549
0.122153
0.148184
0.130830
0.151346
0.044314
0.000000
0.000000
0.000000
0.394779
0.299643
0.310193
0.314310
0.301993
0.000000
0.000000
0.000000
0.000000
0.168316
0.177290
0.179504
0.180189
0.181718
0.181718
0.000000
0.000000
0.000000
0.157434
0.171428
0.172227
0.175005
0.148103
0.152878
0.000000
0.000000
0.000000
0.203953
0.214827
0.217510
0.218341
0.220193
0.220193
0.000000
0.000000
0.000000
0.190768
0.207725
0.208693
0.212059
0.179461
0.185247
0.000000
0.000000
0.000000
0.173975
0.197101
0.181248
0.169035
0.175867
0.061298
0.000000
0.000000
0.000000
0.237252
0.236261
0.217409
0.216131
0.239165
0.239165
0.000000
0.000000
0.000000
0.197746
0.224031
0.206013
0.192131
0.199896
0.069674
0.000000
0.000000
0.000000
0.269669
0.268543
0.247114
0.245662
0.271844
0.271844
0.000000
0.000000
0.000000
0.242094
0.233789
0.237253
0.278794
0.235340
0.143567
0.000000
0.000000
0.000000
0.081534
0.078151
0.085732
0.084570
0.107955
0.101479
0.000000
0.000000
0.000000
0.342448
0.330701
0.335601
0.394362
0.332895
0.203080
0.000000
0.000000
0.000000
0.115332
0.110546
0.121269
0.119627
0.152706
0.143545
0.000000
0.000000
0.000000
0.174762
0.174762
0.193696
0.202886
0.180512
0.126604
0.000000
0.000000
0.000000
0.157018
0.157018
0.076800
0.053498
0.077113
0.047954
0.000000
0.000000
0.000000
0.221408
0.227901
0.239619
0.233412
0.218069
0.214594
0.000000
0.000000
0.000000
0.092529
0.088119
0.094281
0.090836
0.094046
0.090023
0.000000
0.000000
0.000000
0.195077
0.223590
0.229634
0.229268
0.223872
0.186610
0.000000
0.000000
0.000000
0.303677
0.290300
0.243353
0.205012
0.210405
0.206932
0.000000
0.000000
0.000000
0.219599
0.251696
0.258500
0.258088
0.252014
0.210067
0.000000
0.000000
0.000000
0.341851
0.326792
0.273943
0.230783
0.236854
0.232944
0.000000
0.000000
0.000000
0.086951
0.089258
0.094460
0.128899
0.164063
0.091853
0.000000
0.000000
0.000000
0.115254
0.118208
0.120519
0.150375
0.168529
0.125766
0.000000
0.000000
0.000000
0.144265
0.148094
0.156725
0.213864
0.272206
0.152398
0.000000
0.000000
0.000000
0.191224
0.196126
0.199959
0.249495
0.279616
0.208665
0.000000
0.000000
0.000000
0.212649
0.201588
0.210992
0.233517
0.221999
0.215633
0.000000
0.000000
0.000000
0.179022
0.181315
0.165119
0.217257
0.230595
0.131889
0.000000
0.000000
0.000000
0.158734
0.150477
0.157497
0.174311
0.165714
0.160962
0.000000
0.000000
0.000000
0.133633
0.135345
0.123255
0.162174
0.172130
0.098450
0.000000
0.000000
0.000000
0.216901
0.183489
0.185954
0.183331
0.196074
0.196074
0.000000
0.000000
0.000000
0.349875
0.339386
0.355566
0.344779
0.133876
0.000000
0.000000
0.000000
0.000000
0.149564
0.126525
0.128225
0.126416
0.135202
0.135202
0.000000
0.000000
0.000000
0.241256
0.234023
0.245181
0.237742
0.092314
0.000000
0.000000
0.000000
0.000000
0.213033
0.174197
0.143084
0.180551
0.231590
0.174942
0.000000
0.000000
0.000000
0.310291
0.250255
0.253353
0.256708
0.293902
0.257099
0.000000
0.000000
0.000000
0.091678
0.074965
0.061576
0.077699
0.099664
0.075286
0.000000
0.000000
0.000000
0.133533
0.107696
0.109030
0.110474
0.126480
0.110642
0.000000
0.000000
0.000000
0.317766
0.306007
0.308367
0.285752
0.287860
0.278700
0.000000
0.000000
0.000000
0.289795
0.292812
0.301220
0.273961
0.078224
0.072534
0.000000
0.000000
0.000000
0.320362
0.308507
0.310886
0.288086
0.290211
0.280977
0.000000
0.000000
0.000000
0.292163
0.295204
0.303680
0.276199
0.078863
0.073127
0.000000
0.000000
0.000000
0.119950
0.091044
0.094249
0.095500
0.091758
0.000000
0.000000
0.000000
0.000000
0.140774
0.118477
0.112369
0.105179
0.012466
0.000000
0.000000
0.000000
0.000000
0.333889
0.253427
0.262350
0.265831
0.255414
0.000000
0.000000
0.000000
0.000000
0.391855
0.329790
0.312788
0.292772
0.034700
0.000000
0.000000
0.000000
0.000000
0.133152
0.144987
0.145663
0.148012
0.125260
0.129298
0.000000
0.000000
0.000000
0.124726
0.091696
0.100355
0.096942
0.095956
0.074631
0.000000
0.000000
0.000000
0.200178
0.217971
0.218987
0.222519
0.188314
0.194384
0.000000
0.000000
0.000000
0.187510
0.137854
0.150872
0.145740
0.144258
0.112199
0.000000
0.000000
0.000000
0.248955
0.247915
0.228133
0.226792
0.250963
0.250963
0.000000
0.000000
0.000000
0.208398
0.190152
0.203001
0.212447
0.227511
0.198895
0.000000
0.000000
0.000000
0.294868
0.293637
0.270206
0.268619
0.297247
0.297247
0.000000
0.000000
0.000000
0.246832
0.225221
0.240439
0.251628
0.269469
0.235576
0.000000
0.000000
0.000000
0.089153
0.085454
0.093743
0.092473
0.118044
0.110962
0.000000
0.000000
0.000000
0.141531
0.144052
0.126696
0.100099
0.113151
0.074633
0.000000
0.000000
0.000000
0.141371
0.135506
0.148650
0.146636
0.187184
0.175955
0.000000
0.000000
0.000000
0.224428
0.228426
0.200904
0.158728
0.179425
0.118346
0.000000
0.000000
0.000000
0.192470
0.192470
0.094140
0.065577
0.094524
0.058781
0.000000
0.000000
0.000000
0.268541
0.268541
0.296932
0.319443
0.324741
0.313390
0.000000
0.000000
0.000000
0.102273
0.097399
0.104210
0.100402
0.103950
0.099504
0.000000
0.000000
0.000000
0.162993
0.173364
0.185947
0.169643
0.038699
0.032245
0.000000
0.000000
0.000000
0.335659
0.320873
0.268981
0.226603
0.232564
0.228725
0.000000
0.000000
0.000000
0.268909
0.254933
0.243484
0.261248
0.255247
0.200440
0.000000
0.000000
0.000000
0.300082
0.286864
0.240472
0.202585
0.207914
0.204483
0.000000
0.000000
0.000000
0.240408
0.227913
0.217677
0.233558
0.228193
0.179196
0.000000
0.000000
0.000000
0.101172
0.103765
0.105793
0.132001
0.147937
0.110399
0.000000
0.000000
0.000000
0.193241
0.195056
0.271314
0.259167
0.211797
0.056356
0.000000
0.000000
0.000000
0.124408
0.127597
0.130091
0.162318
0.181915
0.135755
0.000000
0.000000
0.000000
0.237624
0.239854
0.333627
0.318691
0.260441
0.069299
0.000000
0.000000
0.000000
0.116470
0.117961
0.107424
0.141345
0.150022
0.085806
0.000000
0.000000
0.000000
0.041726
0.225675
0.255003
0.231473
0.376971
0.267767
0.000000
0.000000
0.000000
0.100312
0.101597
0.092522
0.121736
0.129210
0.073902
0.000000
0.000000
0.000000
0.035938
0.194368
0.219627
0.199361
0.324675
0.230620
0.000000
0.000000
0.000000
0.262635
0.254761
0.266907
0.258810
0.100495
0.000000
0.000000
0.000000
0.000000
0.241782
0.250747
0.294757
0.265619
0.295666
0.006269
0.000000
0.000000
0.000000
0.154036
0.149418
0.156542
0.151793
0.058940
0.000000
0.000000
0.000000
0.000000
0.141806
0.147064
0.172876
0.155786
0.173409
0.003677
0.000000
0.000000
0.000000
0.198113
0.159781
0.161760
0.163902
0.187649
0.164151
0.000000
0.000000
0.000000
0.319981
0.331396
0.316400
0.307024
0.308544
0.308544
0.000000
0.000000
0.000000
0.131316
0.105908
0.107220
0.108640
0.124380
0.108805
0.000000
0.000000
0.000000
0.212094
0.219660
0.209721
0.203506
0.204513
0.204513
0.000000
0.000000
0.000000
0.284984
0.287951
0.296219
0.269413
0.076925
0.071330
0.000000
0.000000
0.000000
0.241510
0.226912
0.236165
0.229331
0.229129
0.229129
0.000000
0.000000
0.000000
0.327860
0.331273
0.340784
0.309945
0.088499
0.082062
0.000000
0.000000
0.000000
0.277845
0.261050
0.271695
0.263833
0.263601
0.263601
0.000000
0.000000
0.000000
0.157974
0.132953
0.126099
0.118029
0.013989
0.000000
0.000000
0.000000
0.000000
0.055758
0.100005
0.102339
0.104101
0.103038
0.102771
0.000000
0.000000
0.000000
0.403342
0.339458
0.321957
0.301355
0.035717
0.000000
0.000000
0.000000
0.000000
0.142362
0.255335
0.261294
0.265792
0.263079
0.262397
0.000000
0.000000
0.000000
0.128382
0.094384
0.103297
0.099784
0.098768
0.076819
0.000000
0.000000
0.000000
0.147454
0.152315
0.161312
0.137621
0.088267
0.067257
0.000000
0.000000
0.000000
0.162455
0.119434
0.130712
0.126266
0.124982
0.097207
0.000000
0.000000
0.000000
0.186589
0.192740
0.204125
0.174146
0.111693
0.085107
0.000000
0.000000
0.000000
0.180552
0.164744
0.175876
0.184060
0.197111
0.172318
0.000000
0.000000
0.000000
0.335687
0.323243
0.329330
0.327621
0.333672
0.013085
0.000000
0.000000
0.000000
0.158672
0.144780
0.154562
0.161755
0.173224
0.151436
0.000000
0.000000
0.000000
0.295007
0.284072
0.289420
0.287918
0.293236
0.011500
0.000000
0.000000
0.000000
0.090981
0.092601
0.081445
0.064347
0.072737
0.047976
0.000000
0.000000
0.000000
0.260037
0.250845
0.266006
0.248786
0.266157
0.247200
0.000000
0.000000
0.000000
0.121008
0.123164
0.108325
0.085584
0.096743
0.063811
0.000000
0.000000
0.000000
0.345861
0.333635
0.353800
0.330896
0.354001
0.328788
0.000000
0.000000
0.000000
0.144794
0.144794
0.160102
0.172239
0.175096
0.168976
0.000000
0.000000
0.000000
0.115915
0.115915
0.128887
0.117346
0.115416
0.108006
0.000000
0.000000
0.000000
0.215980
0.229722
0.246395
0.224791
0.051279
0.042728
0.000000
0.000000
0.000000
0.077231
0.070602
0.078253
0.077011
0.092867
0.049008
0.000000
0.000000
0.000000
0.356328
0.337808
0.322637
0.346176
0.338223
0.265601
0.000000
0.000000
0.000000
0.144425
0.139084
0.097957
0.065491
0.152991
0.152991
0.000000
0.000000
0.000000
0.159145
0.150874
0.144098
0.154611
0.151059
0.118624
0.000000
0.000000
0.000000
0.064504
0.062118
0.043750
0.029250
0.068330
0.068330
0.000000
0.000000
0.000000
0.127922
0.129123
0.179604
0.171564
0.140205
0.037306
0.000000
0.000000
0.000000
0.345597
0.347341
0.351288
0.358171
0.348346
0.348321
0.000000
0.000000
0.000000
0.122627
0.123778
0.172170
0.164462
0.134402
0.035762
0.000000
0.000000
0.000000
0.331292
0.332963
0.336747
0.343345
0.333927
0.333903
0.000000
0.000000
0.000000
0.021533
0.116461
0.131596
0.119453
0.194538
0.138183
0.000000
0.000000
0.000000
0.113763
0.130920
0.143741
0.134904
0.171501
0.133409
0.000000
0.000000
0.000000
0.031644
0.171146
0.193388
0.175543
0.285885
0.203067
0.000000
0.000000
0.000000
0.167181
0.192394
0.211235
0.198250
0.252031
0.196052
0.000000
0.000000
0.000000
0.212896
0.220789
0.259541
0.233885
0.260342
0.005520
0.000000
0.000000
0.000000
0.207133
0.213838
0.208748
0.232921
0.237616
0.028595
0.000000
0.000000
0.000000
0.153854
0.159559
0.187564
0.169023
0.188143
0.003989
0.000000
0.000000
0.000000
0.149690
0.154535
0.150857
0.168326
0.171719
0.020665
0.000000
0.000000
0.000000
0.347168
0.359554
0.343284
0.333111
0.334760
0.334760
0.000000
0.000000
0.000000
0.022804
0.063214
0.070706
0.065072
0.069191
0.055991
0.000000
0.000000
0.000000
0.272976
0.282714
0.269921
0.261923
0.263220
0.263220
0.000000
0.000000
0.000000
0.017931
0.049705
0.055596
0.051166
0.054404
0.044026
0.000000
0.000000
0.000000
0.310836
0.292047
0.303957
0.295161
0.294901
0.294901
0.000000
0.000000
0.000000
0.028171
0.053541
0.054915
0.053804
0.060909
0.059102
0.000000
0.000000
0.000000
0.388723
0.365227
0.380120
0.369120
0.368795
0.368795
0.000000
0.000000
0.000000
0.035230
0.066957
0.068676
0.067286
0.076171
0.073912
0.000000
0.000000
0.000000
0.078009
0.139914
0.143179
0.145644
0.144157
0.143783
0.000000
0.000000
0.000000
0.073960
0.063351
0.064312
0.072345
0.066426
0.066444
0.000000
0.000000
0.000000
0.161674
0.289971
0.296739
0.301846
0.298765
0.297990
0.000000
0.000000
0.000000
0.153281
0.131295
0.133287
0.149935
0.137667
0.137705
0.000000
0.000000
0.000000
0.167456
0.172977
0.183194
0.156289
0.100240
0.076380
0.000000
0.000000
0.000000
0.217919
0.253103
0.202412
0.254298
0.253351
0.021355
0.000000
0.000000
0.000000
0.180464
0.186413
0.197424
0.168429
0.108026
0.082314
0.000000
0.000000
0.000000
0.234846
0.272764
0.218135
0.274052
0.273031
0.023014
0.000000
0.000000
0.000000
0.324667
0.312633
0.318519
0.316866
0.322719
0.012656
0.000000
0.000000
0.000000
0.050914
0.070475
0.022818
0.018241
0.033703
0.026732
0.000000
0.000000
0.000000
0.316119
0.304401
0.310133
0.308523
0.314222
0.012323
0.000000
0.000000
0.000000
0.049574
0.068620
0.022217
0.017761
0.032815
0.026028
0.000000
0.000000
0.000000
0.278647
0.268797
0.285043
0.266590
0.285205
0.264891
0.000000
0.000000
0.000000
0.071592
0.093328
0.122234
0.118397
0.099859
0.030529
0.000000
0.000000
0.000000
0.355821
0.343243
0.363988
0.340425
0.364195
0.338256
0.000000
0.000000
0.000000
0.091420
0.119176
0.156088
0.151188
0.127516
0.038984
0.000000
0.000000
0.000000
0.119253
0.119253
0.132599
0.120726
0.118740
0.111117
0.000000
0.000000
0.000000
0.164215
0.164215
0.167339
0.008559
0.043928
0.039984
0.000000
0.000000
0.000000
0.093863
0.085806
0.095104
0.093595
0.112866
0.059562
0.000000
0.000000
0.000000
0.049751
0.050588
0.055096
0.101865
0.058208
0.051867
0.000000
0.000000
0.000000
0.175527
0.169036
0.119052
0.079594
0.185938
0.185938
0.000000
0.000000
0.000000
0.332267
0.368185
0.334311
0.370901
0.378929
0.370531
0.000000
0.000000
0.000000
0.067497
0.065001
0.045780
0.030607
0.071500
0.071500
0.000000
0.000000
0.000000
0.127770
0.141582
0.128556
0.142626
0.145713
0.142484
0.000000
0.000000
0.000000
0.361635
0.363459
0.367589
0.374792
0.364511
0.364485
0.000000
0.000000
0.000000
0.092847
0.097799
0.098614
0.098892
0.106362
0.099978
0.000000
0.000000
0.000000
0.352425
0.354203
0.358228
0.365247
0.355228
0.355202
0.000000
0.000000
0.000000
0.090482
0.095308
0.096103
0.096374
0.103653
0.097432
0.000000
0.000000
0.000000
0.121020
0.139271
0.152910
0.143510
0.182441
0.141919
0.000000
0.000000
0.000000
0.122925
0.086062
0.090254
0.082550
0.076284
0.074000
0.000000
0.000000
0.000000
0.171804
0.197714
0.217076
0.203731
0.259000
0.201473
0.000000
0.000000
0.000000
0.174509
0.122177
0.128128
0.117191
0.108296
0.105053
0.000000
0.000000
0.000000
0.212861
0.219751
0.214520
0.239361
0.244186
0.029386
0.000000
0.000000
0.000000
0.242261
0.243226
0.240320
0.257321
0.273411
0.250645
0.000000
0.000000
0.000000
0.255572
0.263844
0.257564
0.287390
0.293183
0.035282
0.000000
0.000000
0.000000
0.290871
0.292029
0.288540
0.308953
0.328271
0.300937
0.000000
0.000000
0.000000
0.038934
0.107928
0.120720
0.111100
0.118132
0.095596
0.000000
0.000000
0.000000
0.048697
0.034929
0.033645
0.079986
0.087871
0.000874
0.000000
0.000000
0.000000
0.051639
0.143148
0.160114
0.147356
0.156683
0.126792
0.000000
0.000000
0.000000
0.064588
0.046327
0.044625
0.106088
0.116546
0.001159
0.000000
0.000000
0.000000
0.081131
0.154195
0.158154
0.154954
0.175415
0.170212
0.000000
0.000000
0.000000
0.312482
0.376108
0.378949
0.314256
0.354001
0.331383
0.000000
0.000000
0.000000
0.075896
0.144246
0.147949
0.144956
0.164096
0.159229
0.000000
0.000000
0.000000
0.292319
0.351840
0.354497
0.293978
0.331159
0.310000
0.000000
0.000000
0.000000
0.159332
0.136478
0.138549
0.155854
0.143102
0.143142
0.000000
0.000000
0.000000
0.131268
0.155984
0.157738
0.164250
0.170993
0.004933
0.000000
0.000000
0.000000
0.171757
0.147120
0.149352
0.168007
0.154261
0.154304
0.000000
0.000000
0.000000
0.141504
0.168148
0.170038
0.177058
0.184326
0.005318
0.000000
0.000000
0.000000
0.244186
0.283611
0.226809
0.284950
0.283889
0.023929
0.000000
0.000000
0.000000
0.291261
0.272243
0.170082
0.302023
0.267184
0.061680
0.000000
0.000000
0.000000
0.274103
0.318359
0.254598
0.319862
0.318671
0.026861
0.000000
0.000000
0.000000
0.326946
0.305598
0.190920
0.339027
0.299920
0.069237
0.000000
0.000000
0.000000
0.059425
0.082256
0.026632
0.021290
0.039336
0.031201
0.000000
0.000000
0.000000
0.129931
0.114189
0.122973
0.117117
0.152400
0.108285
0.000000
0.000000
0.000000
0.095945
0.132807
0.042998
0.034374
0.063510
0.050375
0.000000
0.000000
0.000000
0.209781
0.184364
0.198546
0.189091
0.246058
0.174831
0.000000
0.000000
0.000000
0.138559
0.180626
0.236571
0.229145
0.193267
0.059086
0.000000
0.000000
0.000000
0.273000
0.276739
0.329551
0.281010
0.299538
0.299538
0.000000
0.000000
0.000000
0.130901
0.170642
0.223495
0.216480
0.182584
0.055820
0.000000
0.000000
0.000000
0.257910
0.261442
0.311335
0.265477
0.282982
0.282982
0.000000
0.000000
0.000000
0.235132
0.235132
0.239605
0.012256
0.062898
0.057251
0.000000
0.000000
0.000000
0.165380
0.165380
0.182937
0.162096
0.203410
0.163887
0.000000
0.000000
0.000000
0.048355
0.049168
0.053550
0.099005
0.056574
0.050411
0.000000
0.000000
0.000000
0.115627
0.155006
0.156488
0.127196
0.174899
0.120806
0.000000
0.000000
0.000000
0.322941
0.357850
0.324927
0.360490
0.368292
0.360130
0.000000
0.000000
0.000000
0.151513
0.162584
0.168072
0.183820
0.084404
0.042692
0.000000
0.000000
0.000000
0.280311
0.310612
0.282035
0.312904
0.319676
0.312591
0.000000
0.000000
0.000000
0.131513
0.141122
0.145886
0.159555
0.073263
0.037057
0.000000
0.000000
0.000000
0.203694
0.214558
0.216347
0.216957
0.233344
0.219340
0.000000
0.000000
0.000000
0.107227
0.112038
0.107444
0.101822
0.118675
0.113523
0.000000
0.000000
0.000000
0.218927
0.230602
0.232525
0.233181
0.250794
0.235742
0.000000
0.000000
0.000000
0.115245
0.120416
0.115479
0.109436
0.127550
0.122012
0.000000
0.000000
0.000000
0.297424
0.208231
0.218375
0.199734
0.184573
0.179047
0.000000
0.000000
0.000000
0.218353
0.209961
0.213133
0.259975
0.226334
0.214947
0.000000
0.000000
0.000000
0.224031
0.156848
0.164488
0.150447
0.139028
0.134865
0.000000
0.000000
0.000000
0.164472
0.158151
0.160540
0.195824
0.170484
0.161906
0.000000
0.000000
0.000000
0.311010
0.312249
0.308518
0.330344
0.350999
0.321773
0.000000
0.000000
0.000000
0.067240
0.074245
0.081352
0.102503
0.086093
0.081816
0.000000
0.000000
0.000000
0.330536
0.331853
0.327888
0.351084
0.373037
0.341975
0.000000
0.000000
0.000000
0.071462
0.078906
0.086460
0.108939
0.091498
0.086952
0.000000
0.000000
0.000000
0.055337
0.039692
0.038234
0.090894
0.099853
0.000993
0.000000
0.000000
0.000000
0.159038
0.219152
0.224635
0.192891
0.192937
0.156813
0.000000
0.000000
0.000000
0.054116
0.038816
0.037390
0.088888
0.097650
0.000971
0.000000
0.000000
0.000000
0.155528
0.214317
0.219679
0.188635
0.188680
0.153353
0.000000
0.000000
0.000000
0.261820
0.315130
0.317510
0.263306
0.296607
0.277656
0.000000
0.000000
0.000000
0.210553
0.195696
0.196816
0.228181
0.214164
0.203181
0.000000
0.000000
0.000000
0.265750
0.319861
0.322277
0.267259
0.301060
0.281824
0.000000
0.000000
0.000000
0.213714
0.198634
0.199770
0.231606
0.217379
0.206231
0.000000
0.000000
0.000000
0.119337
0.141807
0.143401
0.149321
0.155451
0.004485
0.000000
0.000000
0.000000
0.218824
0.169067
0.164436
0.088929
0.020706
0.003265
0.000000
0.000000
0.000000
0.079387
0.094335
0.095395
0.099333
0.103411
0.002983
0.000000
0.000000
0.000000
0.145569
0.112469
0.109389
0.059159
0.013775
0.002172
0.000000
0.000000
0.000000
0.163404
0.152734
0.095420
0.169442
0.149896
0.034604
0.000000
0.000000
0.000000
0.384543
0.397354
0.413552
0.388966
0.407474
0.000000
0.000000
0.000000
0.000000
0.161869
0.151300
0.094524
0.167851
0.148489
0.034279
0.000000
0.000000
0.000000
0.380931
0.393622
0.409668
0.385313
0.403648
0.000000
0.000000
0.000000
0.000000
0.064328
0.056534
0.060883
0.057984
0.075453
0.053611
0.000000
0.000000
0.000000
0.116878
0.124153
0.127620
0.113729
0.126869
0.118062
0.000000
0.000000
0.000000
0.146815
0.129027
0.138952
0.132336
0.172204
0.122356
0.000000
0.000000
0.000000
0.266749
0.283352
0.291264
0.259561
0.289550
0.269451
0.000000
0.000000
0.000000
0.191059
0.193676
0.230636
0.196665
0.209632
0.209632
0.000000
0.000000
0.000000
0.169688
0.152462
0.171573
0.165286
0.175057
0.164449
0.000000
0.000000
0.000000
0.183949
0.186469
0.222054
0.189347
0.201831
0.201831
0.000000
0.000000
0.000000
0.163374
0.146789
0.165189
0.159136
0.168543
0.158329
0.000000
0.000000
0.000000
0.117955
0.117955
0.130476
0.115612
0.145078
0.116889
0.000000
0.000000
0.000000
0.308348
0.308348
0.338631
0.323310
0.328862
0.000000
0.000000
0.000000
0.000000
0.167016
0.223896
0.226037
0.183726
0.252630
0.174496
0.000000
0.000000
0.000000
0.232193
0.235011
0.266134
0.241303
0.238456
0.237820
0.000000
0.000000
0.000000
0.218851
0.234843
0.242769
0.265517
0.121917
0.061666
0.000000
0.000000
0.000000
0.147174
0.148991
0.156442
0.163232
0.150189
0.150189
0.000000
0.000000
0.000000
0.204336
0.219267
0.226668
0.247907
0.113831
0.057576
0.000000
0.000000
0.000000
0.137413
0.139109
0.146066
0.152406
0.140228
0.140228
0.000000
0.000000
0.000000
0.166602
0.174077
0.166939
0.158204
0.184390
0.176385
0.000000
0.000000
0.000000
0.283955
0.282732
0.290718
0.285394
0.328207
0.220486
0.000000
0.000000
0.000000
0.135779
0.141872
0.136054
0.128935
0.150276
0.143752
0.000000
0.000000
0.000000
0.231421
0.230425
0.236933
0.232594
0.267486
0.179694
0.000000
0.000000
0.000000
0.257258
0.247372
0.251109
0.306297
0.266662
0.253246
0.000000
0.000000
0.000000
0.187838
0.144185
0.148170
0.165683
0.179784
0.070968
0.000000
0.000000
0.000000
0.250333
0.240713
0.244349
0.298052
0.259484
0.246429
0.000000
0.000000
0.000000
0.182781
0.140304
0.144181
0.161223
0.174945
0.069057
0.000000
0.000000
0.000000
0.102343
0.113004
0.123822
0.156014
0.131037
0.124527
0.000000
0.000000
0.000000
0.241364
0.260082
0.293748
0.259951
0.224552
0.204357
0.000000
0.000000
0.000000
0.092936
0.102617
0.112441
0.141674
0.118993
0.113081
0.000000
0.000000
0.000000
0.219179
0.236176
0.266748
0.236057
0.203912
0.185573
0.000000
0.000000
0.000000
0.206827
0.285006
0.292137
0.250853
0.250914
0.203935
0.000000
0.000000
0.000000
0.198549
0.212381
0.175714
0.225125
0.215024
0.159104
0.000000
0.000000
0.000000
0.162177
0.223478
0.229070
0.196698
0.196746
0.159909
0.000000
0.000000
0.000000
0.155686
0.166532
0.137781
0.176525
0.168604
0.124756
0.000000
0.000000
0.000000
0.219553
0.204062
0.205229
0.237935
0.223319
0.211866
0.000000
0.000000
0.000000
0.133365
0.231828
0.284329
0.281970
0.254502
0.205470
0.000000
0.000000
0.000000
0.138574
0.128796
0.129533
0.150176
0.140951
0.133722
0.000000
0.000000
0.000000
0.084175
0.146321
0.179458
0.177969
0.160632
0.129685
0.000000
0.000000
0.000000
0.141887
0.109625
0.106622
0.057663
0.013426
0.002117
0.000000
0.000000
0.000000
0.386090
0.388655
0.390823
0.398518
0.305664
0.000000
0.000000
0.000000
0.000000
0.105423
0.081452
0.079221
0.042844
0.009976
0.001573
0.000000
0.000000
0.000000
0.286867
0.288773
0.290383
0.296101
0.227110
0.000000
0.000000
0.000000
0.000000
0.278491
0.287769
0.299500
0.281695
0.295099
0.000000
0.000000
0.000000
0.000000
0.154350
0.158178
0.148546
0.174709
0.188860
0.176558
0.000000
0.000000
0.000000
0.347713
0.359297
0.373944
0.351712
0.368448
0.000000
0.000000
0.000000
0.000000
0.192715
0.197494
0.185469
0.218135
0.235803
0.220443
0.000000
0.000000
0.000000
0.106686
0.113327
0.116491
0.103811
0.115805
0.107767
0.000000
0.000000
0.000000
0.023082
0.027748
0.031037
0.056918
0.086954
0.041549
0.000000
0.000000
0.000000
0.239497
0.254403
0.261506
0.233043
0.259968
0.241923
0.000000
0.000000
0.000000
0.051815
0.062291
0.069675
0.127773
0.195201
0.093273
0.000000
0.000000
0.000000
0.152352
0.136886
0.154044
0.148400
0.157172
0.147648
0.000000
0.000000
0.000000
0.222987
0.251881
0.275031
0.262853
0.309686
0.257987
0.000000
0.000000
0.000000
0.134828
0.121141
0.136325
0.131330
0.139093
0.130665
0.000000
0.000000
0.000000
0.197338
0.222909
0.243396
0.232619
0.274065
0.228313
0.000000
0.000000
0.000000
0.254471
0.254471
0.279462
0.266819
0.271401
0.000000
0.000000
0.000000
0.000000
0.172513
0.172513
0.193343
0.176695
0.224229
0.186571
0.000000
0.000000
0.000000
0.203988
0.206464
0.233806
0.211992
0.209491
0.208932
0.000000
0.000000
0.000000
0.045823
0.045823
0.066023
0.053489
0.076143
0.070442
0.000000
0.000000
0.000000
0.129297
0.130893
0.137439
0.143404
0.131946
0.131946
0.000000
0.000000
0.000000
0.299730
0.299730
0.365944
0.307654
0.315588
0.300791
0.000000
0.000000
0.000000
0.117667
0.119120
0.125077
0.130505
0.120078
0.120078
0.000000
0.000000
0.000000
0.272771
0.272771
0.333029
0.279982
0.287203
0.273736
0.000000
0.000000
0.000000
0.243152
0.242105
0.248943
0.244384
0.281045
0.188803
0.000000
0.000000
0.000000
0.099851
0.099851
0.105498
0.102845
0.110663
0.083477
0.000000
0.000000
0.000000
0.085962
0.085592
0.088009
0.086397
0.099358
0.066748
0.000000
0.000000
0.000000
0.035300
0.035300
0.037297
0.036359
0.039123
0.029512
0.000000
0.000000
0.000000
0.069773
0.053558
0.055038
0.061543
0.066781
0.026361
0.000000
0.000000
0.000000
0.382500
0.382500
0.393613
0.391430
0.414885
0.394388
0.000000
0.000000
0.000000
0.060966
0.046798
0.048091
0.053776
0.058352
0.023034
0.000000
0.000000
0.000000
0.334223
0.334223
0.343933
0.342026
0.362520
0.344611
0.000000
0.000000
0.000000
0.080507
0.086750
0.097979
0.086706
0.074899
0.068163
0.000000
0.000000
0.000000
0.218620
0.218620
0.224147
0.213996
0.207403
0.008497
0.000000
0.000000
0.000000
0.136296
0.146866
0.165877
0.146792
0.126803
0.115398
0.000000
0.000000
0.000000
0.370120
0.370120
0.379477
0.362292
0.351129
0.014386
0.000000
0.000000
0.000000
0.123467
0.132069
0.109268
0.139994
0.133712
0.098939
0.000000
0.000000
0.000000
0.181347
0.181347
0.161828
0.143035
0.047556
0.045682
0.000000
0.000000
0.000000
0.176812
0.189130
0.156477
0.200478
0.191483
0.141685
0.000000
0.000000
0.000000
0.259699
0.259699
0.231746
0.204834
0.068103
0.065419
0.000000
0.000000
0.000000
0.151463
0.263287
0.322912
0.320232
0.289037
0.233352
0.000000
0.000000
0.000000
0.159979
0.159979
0.174413
0.172237
0.125576
0.089243
0.000000
0.000000
0.000000
0.087369
0.151874
0.186268
0.184722
0.166727
0.134606
0.000000
0.000000
0.000000
0.092282
0.092282
0.100608
0.099353
0.072437
0.051479
0.000000
0.000000
0.000000
0.400741
0.403403
0.405653
0.413640
0.317263
0.000000
0.000000
0.000000
0.000000
0.117903
0.117903
0.062584
0.083915
0.087007
0.060635
0.000000
0.000000
0.000000
0.364001
0.366419
0.368463
0.375717
0.288176
0.000000
0.000000
0.000000
0.000000
0.107093
0.107093
0.056847
0.076221
0.079030
0.055076
0.000000
0.000000
0.000000
0.195853
0.200709
0.188488
0.221686
0.239642
0.224032
0.000000
0.000000
0.000000
0.112735
0.112735
0.119407
0.081375
0.089887
0.081841
0.000000
0.000000
0.000000
0.289071
0.296238
0.278201
0.327199
0.353701
0.330662
0.000000
0.000000
0.000000
0.166393
0.166393
0.176241
0.120106
0.132669
0.120795
0.000000
0.000000
0.000000
0.034622
0.041622
0.046556
0.085376
0.130430
0.062324
0.000000
0.000000
0.000000
0.194402
0.194402
0.204978
0.199773
0.218824
0.195077
0.000000
0.000000
0.000000
0.050235
0.060391
0.067549
0.123875
0.189245
0.090427
0.000000
0.000000
0.000000
0.282064
0.282064
0.297409
0.289856
0.317499
0.283043
0.000000
0.000000
0.000000
0.216183
0.244196
0.266640
0.254833
0.300237
0.250116
0.000000
0.000000
0.000000
0.089738
0.089738
0.065423
0.016456
0.040366
0.005678
0.000000
0.000000
0.000000
0.223297
0.252231
0.275413
0.263218
0.310116
0.258346
0.000000
0.000000
0.000000
0.092691
0.092691
0.067575
0.016998
0.041694
0.005865
0.000000
0.000000
0.000000
0.195206
0.195206
0.218776
0.199939
0.253725
0.211113
0.000000
0.000000
0.000000
0.226014
0.226014
0.231957
0.279346
0.157330
0.151349
0.000000
0.000000
0.000000
