0,0,0,0,0,0,0,0,0,0,0,0,0,0,0,0,0,0,0,0,0,0,0,0,0,0,0,0,0,0,0,0,0,0,0,0,0,0,0,0,0,0,0,0,0,0,0,0,0,0,0,0,0,0,0,0,0,0,0,0,0,0,0,0,0,0,0,0,0,0,0,0,0,0,0,0,0,0,0,0,0,0,0,0,0,0,0,0,0,0,0,0,0,0,0,0
0,193,126,51,242,361,325,172,77,63,68,58,33,25,27,53,45,20,10,13,17,52,50,58,69,25,18,12,3,8,74,90,20,75,55,15,33,10,11,12,1,10,19,22,42,54,43,29,25,27,28,37,37,36,33,35,46,52,44,27,15,24,5,25,32,42,41,46,43,31,27,15,37,4,32,21,26,55,58,44,31,35,49,30,29,36,50,54,52,39,10,0,6,6,16,0
0,200,212,136,10,203,352,336,216,103,50,51,42,26,28,74,63,24,20,18,26,50,15,37,56,28,5,22,46,47,67,73,25,63,45,28,45,11,16,23,17,9,20,15,26,36,26,24,28,26,35,47,45,47,43,38,36,42,47,44,37,42,12,26,3,21,24,30,19,12,11,11,15,17,30,30,22,33,50,54,36,6,35,38,20,9,9,4,40,46,27,15,5,7,8,0
0,102,223,269,273,196,83,194,221,161,90,38,50,2,45,70,55,8,28,26,22,52,57,70,67,24,5,25,38,56,57,23,45,61,67,32,27,27,24,13,18,16,29,31,41,53,61,51,62,32,8,31,39,34,38,31,22,27,23,33,44,61,42,17,19,20,21,11,17,12,19,14,2,9,16,26,8,12,28,33,40,40,33,11,17,31,42,44,42,30,16,19,23,27,32,0
0,217,104,51,183,237,229,146,60,127,159,115,86,49,60,76,66,49,32,16,7,26,33,59,49,32,18,49,48,26,28,35,37,38,50,23,8,18,28,17,16,2,14,11,10,8,21,20,68,53,27,40,46,28,20,14,19,36,23,17,19,40,49,20,35,23,19,15,28,38,30,26,10,12,23,38,24,13,8,5,11,31,43,38,28,9,9,9,12,15,9,22,38,39,41,0
0,218,264,220,142,75,20,121,156,70,51,143,158,128,124,98,63,39,24,24,13,18,14,25,28,32,39,27,52,32,19,19,8,14,35,14,16,16,13,21,14,9,16,13,2,3,10,12,47,41,58,72,81,72,60,50,10,35,26,4,1,30,45,32,25,3,8,16,39,41,49,46,24,7,4,18,30,35,34,22,13,6,7,10,33,34,29,21,12,20,26,23,20,14,15,0
0,95,70,160,175,208,224,173,43,68,103,45,65,83,117,130,84,35,10,23,32,36,35,8,19,33,29,20,39,19,11,8,11,4,28,22,7,13,27,25,25,10,14,18,12,9,8,9,31,46,62,66,68,70,82,99,59,26,35,10,9,28,19,5,13,28,23,25,21,12,30,53,52,20,2,8,27,33,26,24,22,34,46,36,14,13,23,28,16,18,10,4,14,5,15,0
0,189,148,97,31,78,112,232,247,137,73,105,111,54,49,135,123,46,19,24,5,11,6,20,28,32,22,13,32,32,27,30,28,19,9,27,1,8,26,8,34,13,10,15,11,10,9,14,32,35,26,37,36,47,46,96,69,5,36,27,5,28,19,12,27,26,19,35,47,50,22,27,61,44,21,24,25,25,30,22,12,20,19,32,31,27,15,17,19,23,16,13,13,17,25,0
0,180,219,201,187,182,130,15,157,208,105,61,102,106,27,110,135,101,18,24,46,64,64,59,49,25,25,9,24,45,44,30,25,31,13,24,7,13,27,5,51,29,26,22,21,3,15,23,20,7,10,17,19,6,43,87,56,19,17,72,96,84,56,2,19,32,3,15,23,43,47,8,57,61,29,41,27,8,37,26,15,24,20,9,13,30,31,18,19,27,42,45,42,27,18,0
0,128,147,135,133,146,163,152,40,120,180,164,87,39,66,79,66,82,57,49,77,79,72,61,52,42,44,31,31,44,45,30,19,15,13,10,17,7,15,11,60,37,31,33,32,22,23,26,26,9,17,6,9,19,69,79,28,21,38,113,100,71,51,6,12,30,13,6,6,35,57,42,79,102,73,74,53,16,37,29,7,15,6,4,20,11,15,21,36,28,10,8,1,12,4,0
0,81,64,93,65,65,140,170,142,61,77,144,165,95,88,119,100,32,79,97,53,44,42,33,40,50,69,75,65,51,37,29,31,11,6,6,15,8,30,44,57,39,27,34,22,11,23,15,14,12,17,6,4,30,67,69,48,58,64,82,69,56,48,39,14,26,22,7,7,27,54,60,75,78,18,49,57,18,36,29,6,10,0,12,27,6,4,10,33,41,55,50,34,21,2,0
0,58,56,117,87,71,96,108,163,137,87,6,99,153,184,129,87,84,53,135,55,5,26,35,60,60,65,62,64,55,30,42,60,19,18,16,18,24,42,36,32,27,18,43,18,11,16,14,10,11,15,14,11,33,59,84,86,61,52,43,19,14,50,66,47,26,22,6,7,7,23,27,47,41,34,33,44,31,16,30,12,5,4,21,27,11,8,17,4,14,32,25,31,32,7,0
0,33,57,104,59,122,83,17,107,125,125,89,53,59,225,199,50,109,53,119,74,23,42,57,48,42,14,14,39,50,26,50,71,16,11,36,39,33,22,7,32,46,38,22,17,13,16,32,24,32,21,21,9,23,17,34,55,27,37,45,56,52,43,51,62,43,25,9,13,4,23,19,32,28,43,30,12,37,18,38,37,23,12,29,30,6,26,25,25,23,11,24,33,24,10,0
0,3,57,56,76,167,14,55,37,49,146,181,191,183,245,199,34,53,59,88,85,40,32,35,3,46,28,26,27,43,23,55,65,23,27,38,41,35,10,29,43,47,52,42,32,14,22,49,13,32,21,21,15,8,13,9,32,30,36,41,8,8,21,12,29,20,13,17,17,18,33,32,46,54,56,53,42,26,31,9,34,35,9,37,30,12,32,15,30,24,28,65,48,29,8,0
0,20,46,63,86,154,99,60,36,23,69,133,181,189,187,104,34,55,33,56,70,38,26,19,27,44,23,19,19,50,47,48,49,33,43,28,15,33,43,60,34,9,9,21,34,20,19,51,34,61,48,45,27,15,16,11,11,13,6,30,39,46,38,40,37,23,7,11,12,28,40,12,21,47,56,67,71,40,10,29,40,47,32,39,43,26,22,4,28,9,38,65,40,40,48,0
0,26,22,69,83,100,77,71,38,27,70,61,64,61,33,51,101,93,100,92,60,38,36,8,31,28,19,29,24,65,76,35,18,38,48,46,43,34,51,85,54,15,19,30,15,14,21,32,47,66,54,47,47,51,46,25,10,11,16,14,11,10,11,19,24,21,15,25,7,36,36,25,30,38,32,41,45,48,24,21,35,43,23,25,35,23,20,15,23,22,32,58,26,5,20,0
0,79,71,50,8,37,102,86,92,96,107,86,48,29,30,36,33,12,73,93,64,53,58,52,78,64,50,20,35,76,75,19,1,34,55,65,85,74,24,91,74,9,4,20,14,18,30,15,45,59,56,52,53,40,32,36,4,11,10,17,18,6,9,18,10,2,14,33,34,19,17,28,46,65,33,21,36,47,31,16,27,25,4,15,20,6,5,8,16,16,16,41,35,20,24,0
0,103,115,100,71,19,61,71,109,132,131,100,54,42,70,54,55,38,47,77,83,84,85,105,118,95,82,67,77,75,56,16,3,11,15,40,81,87,23,77,92,20,1,25,33,25,44,43,61,57,42,35,48,36,44,47,22,28,38,34,35,25,20,22,21,25,25,13,29,15,4,13,38,69,63,52,34,40,26,24,33,12,9,14,11,2,3,11,18,26,23,32,25,16,30,0
0,13,25,51,56,45,13,34,77,76,70,63,44,41,55,46,36,22,24,50,66,76,78,78,58,51,46,41,67,66,41,17,2,23,10,48,67,80,55,62,101,34,20,30,37,34,49,51,53,48,12,42,76,72,64,49,28,7,5,9,14,14,14,15,12,24,44,50,40,26,13,6,15,38,50,56,33,32,22,34,29,17,33,25,13,6,1,14,13,13,8,15,26,34,34,0
0,55,64,45,4,44,54,51,62,28,21,22,39,44,51,45,40,32,14,15,19,43,38,27,26,83,48,48,60,52,48,23,9,20,4,40,60,68,68,32,110,64,30,26,33,33,23,16,6,42,17,64,78,70,49,41,37,17,13,15,13,13,13,3,5,9,19,37,33,16,6,5,15,25,37,48,42,39,20,26,22,18,17,7,14,22,31,40,45,47,45,48,45,37,23,0
0,18,61,65,55,29,41,61,57,27,38,24,32,23,35,52,50,32,12,10,7,22,28,36,42,93,64,48,95,57,49,33,38,52,65,58,55,50,68,31,118,98,18,9,30,38,11,35,31,57,70,90,71,49,45,4,28,27,29,14,1,22,21,21,12,16,19,16,23,16,13,11,9,12,9,19,25,27,24,27,21,30,37,36,23,16,17,29,37,50,56,59,50,40,22,0
0,112,110,70,35,33,38,52,48,46,60,51,36,20,30,48,46,39,24,25,10,16,23,27,9,55,57,59,117,45,39,45,73,85,95,90,87,67,55,29,96,121,59,19,19,39,18,51,52,62,84,88,54,36,40,12,13,18,36,23,22,33,29,32,29,27,23,29,27,17,13,15,30,38,38,22,15,12,12,28,19,11,14,24,36,35,28,6,8,20,27,23,30,34,15,0
0,89,14,116,112,50,10,61,86,77,76,45,29,10,18,38,44,47,23,24,24,4,51,74,67,65,56,64,94,28,21,37,49,39,42,36,47,32,16,25,57,97,75,48,37,54,51,51,50,43,39,37,5,4,38,20,23,20,49,47,34,14,15,9,23,26,27,32,29,12,10,13,20,21,19,25,36,40,32,41,22,14,17,18,10,23,40,40,41,40,41,22,47,34,9,0
0,80,60,88,45,31,42,56,74,83,76,45,19,11,8,27,45,54,49,35,4,28,79,157,169,192,130,65,40,16,18,32,19,10,18,24,17,24,27,43,27,62,66,55,45,59,66,70,39,29,23,15,30,46,55,46,33,12,40,64,39,39,40,37,15,8,37,42,38,29,19,24,18,15,16,20,21,19,16,39,25,24,27,25,20,5,20,34,33,43,47,32,48,15,6,0
0,28,18,42,62,29,67,41,15,73,65,59,32,23,17,15,29,22,26,28,12,41,76,114,6,90,56,33,29,36,44,41,24,10,18,21,5,54,36,45,36,62,49,15,45,122,128,121,52,28,14,24,49,60,43,61,40,29,58,91,70,39,33,43,22,17,43,35,33,38,16,12,11,21,26,13,9,27,26,15,13,24,22,26,29,35,25,11,25,31,30,25,35,5,16,0
0,9,30,21,42,16,46,45,66,65,44,56,30,13,10,14,33,32,32,33,30,55,53,116,130,126,89,65,51,39,57,74,60,29,13,9,13,62,41,33,65,97,98,73,70,111,51,92,23,14,33,71,75,60,42,72,47,42,26,57,45,15,18,24,12,35,47,27,18,25,10,12,19,11,15,21,19,30,18,11,2,4,7,17,26,40,36,22,22,14,17,15,24,6,18,0
0,28,22,14,21,14,35,43,65,49,24,38,40,9,38,49,59,53,54,37,26,47,42,66,70,81,77,75,46,45,58,82,87,66,24,6,29,66,61,58,100,109,78,69,117,142,119,126,40,25,64,73,48,30,40,84,53,33,42,56,51,19,32,27,9,30,53,64,63,50,24,9,15,13,18,21,8,22,22,18,23,13,8,22,11,18,20,11,10,13,19,16,21,17,21,0
0,38,34,49,40,41,31,27,25,8,25,42,70,61,35,21,18,24,60,64,29,15,20,24,29,45,54,45,25,21,20,40,73,81,41,29,62,78,51,46,79,70,19,51,83,90,76,43,5,5,66,62,23,17,51,77,55,35,39,50,41,29,28,20,25,10,36,63,74,65,43,26,5,6,9,10,11,22,33,6,19,5,11,18,21,34,27,14,11,17,22,19,18,13,9,0
0,20,21,33,7,36,30,30,0,17,44,41,71,78,49,40,34,18,65,75,15,10,25,14,19,9,17,21,31,39,46,69,66,61,21,33,76,80,23,26,77,67,47,53,31,20,34,24,20,44,74,72,45,39,66,59,51,31,43,62,56,44,17,14,33,28,15,22,23,38,55,46,19,21,14,9,6,20,31,16,22,4,10,20,15,36,51,65,67,53,49,32,17,10,16,0
0,11,5,16,14,40,30,39,21,8,31,34,50,77,48,16,17,17,56,67,32,33,52,29,25,19,56,78,73,54,21,48,57,53,12,46,77,55,40,13,35,64,64,37,16,19,87,33,79,76,80,66,28,44,72,45,37,34,44,52,21,28,12,15,34,42,11,8,16,21,42,52,45,35,25,32,52,47,27,18,29,24,7,13,36,63,127,175,199,175,141,115,94,48,28,0
0,7,12,33,48,41,14,40,31,19,37,46,40,63,69,49,40,15,42,42,21,89,84,70,37,28,39,40,46,57,4,41,69,55,36,64,65,38,23,17,11,21,38,8,19,31,92,26,105,83,71,42,17,62,93,60,23,13,28,34,11,37,31,40,39,34,8,11,20,22,13,20,40,31,33,76,139,138,113,69,24,23,24,9,22,48,128,154,132,190,216,248,247,182,80,0
0,12,18,23,3,11,13,38,39,20,13,12,36,54,68,27,26,35,47,62,76,90,47,52,47,32,24,19,26,47,43,28,40,59,71,63,36,16,3,15,36,57,80,86,86,99,141,109,98,49,59,38,32,66,88,62,40,40,28,22,13,19,31,51,37,9,28,35,35,26,9,11,27,9,19,70,100,82,113,126,70,27,8,20,37,63,141,193,132,45,22,114,189,266,189,0
0,4,21,32,11,7,11,42,46,34,40,32,34,31,44,65,47,11,39,86,96,62,60,45,17,8,12,23,21,26,16,15,10,20,52,43,26,23,39,68,120,154,153,133,107,110,124,115,76,13,76,119,106,77,73,51,13,44,27,22,21,15,33,57,10,33,42,31,34,22,25,37,32,18,26,74,95,77,33,97,122,91,35,3,20,54,64,125,170,126,101,127,71,227,247,0
0,26,35,43,42,37,42,61,47,15,35,52,46,7,25,40,55,35,41,90,80,70,78,80,74,58,47,45,52,53,46,30,14,33,33,29,48,62,87,116,155,161,135,92,58,51,49,51,63,84,66,109,121,101,64,39,2,26,26,27,31,39,23,49,29,38,35,4,23,31,55,53,39,29,42,71,71,100,88,11,75,94,78,67,24,64,29,42,116,98,129,147,47,88,131,0
0,34,25,51,72,20,37,64,44,13,31,30,32,20,26,21,59,40,91,64,13,41,62,81,82,65,38,54,60,54,36,38,21,53,56,51,54,52,85,118,106,57,39,45,64,64,41,25,54,150,162,89,90,50,38,30,27,28,13,1,12,10,16,36,26,17,32,14,10,42,46,42,37,42,52,66,33,38,95,73,45,39,75,100,39,37,31,72,125,95,121,118,112,76,30,0
0,10,26,61,73,22,57,61,37,11,31,37,51,47,31,34,61,78,82,37,29,13,35,42,56,48,23,32,25,17,30,35,30,43,55,45,19,16,82,114,56,14,24,16,52,82,75,38,43,175,259,59,143,62,40,26,37,37,28,28,28,50,50,52,43,15,21,16,13,33,33,29,39,63,58,71,25,36,54,35,37,38,24,73,33,13,33,103,157,118,69,52,104,135,161,0
0,18,8,64,63,41,54,41,41,11,28,9,23,28,10,16,48,71,39,54,48,15,39,16,65,46,3,22,24,19,27,45,66,47,23,28,21,39,116,115,35,25,11,21,13,44,68,40,31,187,326,8,212,57,54,59,76,43,33,23,32,46,45,55,65,49,46,30,9,31,52,2,8,21,28,66,65,53,24,21,49,65,58,68,43,19,34,123,164,95,21,54,71,102,120,0
0,20,24,55,39,38,18,24,34,12,17,31,42,45,27,23,55,52,47,84,66,45,58,32,69,42,14,18,30,3,22,56,62,57,20,23,29,75,148,119,58,57,54,34,7,15,53,62,53,187,322,66,233,68,52,50,47,23,22,13,33,47,41,47,65,47,20,5,38,27,60,71,113,130,75,40,99,77,24,54,33,33,16,35,20,48,64,52,130,164,136,151,98,61,36,0
0,16,50,57,40,34,36,44,55,48,52,53,57,36,16,24,53,45,11,84,110,62,46,39,56,46,47,23,15,19,42,49,15,31,54,14,46,104,164,103,43,52,63,70,48,26,35,66,85,215,265,101,210,66,40,23,12,14,7,9,15,29,21,4,37,39,30,30,46,20,53,54,66,69,65,39,90,55,51,42,5,24,23,39,37,90,69,38,64,124,121,114,94,102,107,0
0,31,22,24,39,31,47,57,55,57,45,35,33,26,35,19,40,70,69,54,141,82,12,45,38,42,51,3,5,12,34,38,37,28,49,12,36,96,170,136,52,44,29,12,39,23,23,30,99,237,202,71,139,14,11,21,34,26,23,18,34,56,72,55,37,4,33,61,36,50,51,90,98,72,43,47,58,36,74,28,35,33,21,25,60,78,9,58,19,35,28,46,57,70,100,0
0,44,20,12,40,19,13,30,38,35,34,10,22,26,34,32,51,62,89,35,130,109,3,46,31,48,91,32,33,14,40,87,101,57,24,24,28,52,148,155,85,111,151,131,66,16,9,15,114,215,160,42,106,21,20,34,45,24,26,17,28,26,51,56,62,51,23,63,35,79,67,61,62,29,31,36,2,44,15,78,85,63,27,36,40,41,28,51,23,45,33,38,47,49,53,0
0,45,23,40,44,14,12,6,11,15,33,9,2,27,7,40,49,38,73,24,99,111,47,27,15,49,103,11,39,60,85,84,91,73,46,14,33,43,155,154,35,35,39,69,78,6,20,56,126,163,130,48,89,35,22,42,37,17,29,36,45,51,29,15,32,60,49,29,47,80,45,47,62,60,14,15,36,39,22,86,63,39,44,38,43,19,42,50,42,66,68,78,57,56,47,0
0,53,49,23,23,9,11,32,49,42,28,13,22,32,24,46,16,53,80,18,68,84,86,119,135,135,73,15,11,72,30,10,36,51,57,44,66,77,171,197,73,80,126,98,89,12,41,82,129,134,97,15,69,21,12,48,59,46,33,50,47,63,60,54,29,41,41,31,60,52,16,45,45,68,88,87,57,28,43,61,87,55,50,14,52,60,67,74,73,106,106,98,56,49,47,0
0,39,71,35,10,8,9,29,44,62,72,58,60,55,55,79,60,56,66,15,43,40,54,83,103,110,84,77,25,57,31,33,7,18,48,51,50,6,160,197,100,15,34,28,11,55,88,118,116,96,76,32,64,44,18,21,57,66,38,45,30,27,42,74,84,48,60,58,75,70,65,47,5,47,53,76,68,71,60,51,80,96,83,59,63,84,91,87,66,57,47,40,33,42,45,0
0,8,55,50,10,5,17,38,30,16,36,35,35,49,51,72,74,47,31,7,27,12,26,24,47,49,23,83,53,17,18,7,7,12,27,29,42,20,122,165,145,111,86,114,152,174,170,139,100,71,63,17,55,45,48,51,34,4,33,20,11,39,36,77,111,65,88,95,100,86,62,28,45,26,31,40,23,59,74,59,50,58,55,41,40,70,72,65,49,35,28,19,12,39,30,0
0,13,37,50,36,39,69,55,38,23,14,20,7,34,7,14,45,53,51,17,31,11,27,9,30,67,61,36,37,15,6,19,6,12,15,9,17,45,110,156,178,180,193,213,205,162,130,90,39,21,78,27,41,36,46,102,125,100,32,9,25,55,74,96,98,30,3,60,82,106,62,43,45,24,27,54,46,13,53,64,29,17,23,24,25,63,31,25,29,33,42,42,23,25,25,0
0,31,30,49,44,71,94,64,40,42,12,31,8,22,14,11,23,38,35,24,48,38,46,33,26,44,73,72,64,44,39,48,39,19,21,41,68,54,45,62,65,95,127,134,93,53,42,27,73,88,131,95,31,23,33,47,34,70,90,39,29,32,59,67,54,40,50,32,9,86,66,45,37,20,29,51,75,60,19,61,56,3,19,30,31,55,26,17,9,11,15,28,24,14,46,0
0,42,19,44,16,58,38,25,30,15,22,11,18,12,6,26,41,40,56,39,46,17,32,22,4,26,49,66,56,40,38,46,48,51,101,125,132,141,133,106,49,16,27,41,16,26,42,50,122,92,122,150,87,15,28,59,31,26,83,74,55,42,73,52,6,20,35,73,69,79,53,29,31,14,14,18,61,102,114,83,58,19,18,34,15,49,45,40,38,42,43,39,44,59,62,0
0,44,34,51,32,65,64,55,36,37,36,48,26,18,17,43,57,58,33,13,44,45,34,24,10,24,24,37,46,39,14,15,40,31,132,156,160,161,128,100,102,104,88,77,66,80,95,138,207,212,101,63,93,53,29,30,23,26,31,62,62,62,63,70,14,36,40,52,62,59,57,34,43,36,45,33,31,68,110,89,71,53,29,27,9,29,27,45,60,79,78,73,58,44,27,0
0,28,23,36,11,46,65,60,47,64,55,75,64,38,26,24,21,18,26,21,42,25,28,22,12,32,49,38,17,44,21,57,9,81,96,82,42,20,81,84,103,92,105,114,88,77,64,70,136,228,242,162,97,80,18,9,26,49,43,17,33,36,3,47,35,53,48,41,40,24,28,19,28,19,32,39,40,30,32,28,27,42,48,41,13,18,27,44,52,55,56,48,25,10,25,0
0,10,29,37,25,26,22,23,16,60,53,77,84,76,46,27,3,22,27,41,65,39,33,20,9,14,41,55,22,33,36,46,124,188,87,119,192,169,17,53,139,178,160,107,30,26,46,55,34,56,151,166,77,54,27,51,54,57,36,28,37,10,30,64,78,100,82,74,77,77,59,36,24,12,36,42,39,39,17,6,15,21,34,39,36,36,36,20,12,13,17,28,32,13,4,0
0,15,22,35,31,11,15,22,11,54,40,1,29,63,44,30,26,45,59,43,46,11,36,28,9,29,35,21,31,6,47,90,136,162,86,251,108,285,75,156,191,135,66,29,49,73,66,56,50,37,29,116,91,5,59,66,41,29,27,38,46,60,61,55,67,88,91,73,82,85,74,47,12,5,25,30,38,55,54,30,10,22,7,25,30,17,13,42,32,43,13,20,33,34,10,0
0,41,54,46,10,19,21,21,22,20,34,58,45,9,40,53,47,36,31,13,28,36,29,33,1,124,155,158,104,78,87,96,92,88,49,311,47,275,157,186,120,47,31,83,108,92,52,49,40,36,21,64,113,66,46,35,21,29,41,48,43,56,61,50,57,61,51,39,32,24,54,39,12,21,36,37,16,11,45,50,54,52,49,42,53,51,51,51,19,53,19,15,20,44,32,0
0,9,66,65,35,42,41,22,4,8,1,25,36,12,20,19,8,24,34,9,8,30,29,34,71,225,216,221,201,174,144,123,81,30,16,214,152,133,110,125,45,29,53,105,70,64,52,46,32,27,28,28,116,111,36,17,19,36,45,26,27,34,44,51,61,62,38,20,25,57,60,26,9,12,26,36,45,47,15,26,37,49,58,47,43,33,38,24,18,50,15,24,27,50,30,0
0,78,77,67,16,51,57,46,44,28,14,64,75,39,20,38,26,18,25,26,31,38,32,42,106,261,123,49,85,105,99,75,109,91,116,66,185,89,45,85,20,32,75,83,41,91,46,34,29,22,17,13,98,124,40,4,10,23,51,41,30,38,24,35,44,32,2,45,52,36,25,38,47,51,60,63,25,26,35,5,13,30,40,41,38,22,20,27,37,38,9,32,19,20,34,0
0,53,27,45,33,92,80,30,8,36,60,65,49,37,51,29,14,9,6,30,51,71,58,46,170,269,112,59,38,10,28,53,245,174,201,60,131,97,68,77,22,35,73,27,84,69,27,30,24,19,14,6,84,125,54,21,14,14,65,72,42,15,29,57,73,76,80,84,59,20,19,49,63,75,84,90,72,28,39,6,15,34,31,44,33,14,48,47,30,9,18,16,20,29,34,0
0,27,10,40,22,109,97,66,70,37,65,45,15,46,56,30,8,16,23,45,61,99,98,67,172,233,83,2,19,36,21,97,327,98,241,113,84,93,66,68,24,33,53,39,97,42,24,35,25,18,13,4,64,116,73,20,16,26,38,57,35,18,12,38,60,56,49,35,14,35,27,43,55,62,76,87,85,45,32,13,21,47,24,29,17,26,49,30,15,41,47,32,6,2,10,0
0,58,46,46,14,108,88,57,75,45,52,42,37,39,38,25,16,9,40,64,23,81,115,145,223,197,95,33,18,51,29,146,289,75,263,148,87,125,130,107,65,48,16,88,77,21,30,38,20,14,11,2,44,102,95,46,49,39,22,33,33,31,16,18,5,6,11,19,23,54,41,55,58,34,52,73,86,61,54,53,50,61,35,27,28,45,71,62,27,41,26,40,36,24,22,0
0,52,56,73,66,80,77,49,45,76,96,67,44,21,9,24,32,22,31,57,27,39,78,141,185,106,45,13,25,36,27,233,207,126,220,87,56,111,123,89,86,87,73,116,62,44,49,60,29,17,11,5,24,87,110,58,25,18,22,20,27,27,23,19,19,22,38,33,41,61,26,50,46,11,37,38,50,55,58,63,63,64,23,44,14,11,38,58,27,30,8,25,33,26,20,0
0,34,26,54,76,64,22,14,50,76,108,73,33,40,41,35,10,5,3,49,57,11,54,135,112,15,32,33,54,71,105,317,122,241,145,28,14,56,116,76,42,75,94,133,116,96,70,68,39,26,13,6,16,77,107,74,83,81,54,49,45,33,14,3,32,12,26,27,48,76,24,34,41,37,21,20,39,49,47,43,41,31,26,52,23,25,27,23,54,57,41,32,23,21,20,0
0,38,34,34,46,54,57,26,61,27,99,80,19,48,54,57,42,38,32,45,78,66,81,133,50,20,28,73,51,34,198,317,25,264,113,22,15,42,108,80,40,29,59,78,86,90,88,77,42,22,7,6,10,61,91,43,31,32,23,34,43,37,23,18,43,37,16,24,46,77,36,36,38,27,7,6,11,15,27,26,20,8,41,60,29,23,29,36,60,67,55,35,24,23,19,0
0,28,33,27,24,7,61,52,80,59,83,90,16,17,7,7,17,32,30,22,59,65,120,162,44,48,74,88,34,26,201,289,161,214,79,31,8,18,80,99,69,22,35,29,25,75,110,96,53,21,4,2,4,43,87,48,41,35,17,17,27,25,29,25,18,33,36,26,30,53,51,55,33,42,63,80,76,53,27,36,50,69,86,72,50,16,47,84,70,53,60,42,37,40,32,0
0,43,26,11,48,85,119,88,102,80,62,86,34,53,61,49,13,36,35,37,46,35,130,176,8,31,99,98,11,31,146,182,137,128,58,37,20,22,41,60,76,31,28,47,21,40,104,119,68,22,9,5,2,22,84,86,26,3,13,11,39,44,35,12,16,3,42,31,30,11,27,43,27,24,46,64,69,73,42,61,69,72,68,44,2,36,80,101,63,56,64,52,59,59,23,0
0,68,9,43,60,93,100,53,98,69,69,98,87,68,61,63,43,55,31,37,31,31,136,195,60,78,103,109,11,59,87,52,70,87,50,15,11,13,12,53,99,20,2,75,50,60,105,101,50,24,15,6,7,13,78,100,30,10,4,3,20,6,26,17,35,21,49,27,34,9,17,38,30,32,57,47,26,77,71,64,45,7,29,65,95,75,46,67,45,35,66,49,60,75,35,0
0,56,67,75,55,73,41,49,88,33,73,105,94,58,86,116,84,77,36,32,31,25,120,186,110,31,74,82,40,91,49,25,74,40,38,94,111,130,85,44,89,20,28,98,97,100,109,66,30,32,18,7,11,18,62,87,23,11,14,11,24,31,72,90,95,94,65,44,41,24,27,31,35,35,61,70,28,57,63,56,29,14,21,43,46,27,59,99,101,37,78,78,75,67,31,0
0,95,111,83,33,52,41,62,55,29,73,86,56,40,126,131,40,81,74,42,48,4,81,187,214,97,23,29,65,89,14,78,40,53,193,347,398,429,349,231,70,17,27,72,106,86,69,38,45,42,23,16,18,49,55,46,29,21,21,14,22,15,47,66,40,66,15,10,31,8,22,44,59,64,76,61,4,14,18,9,3,21,46,84,98,75,71,73,113,50,79,90,39,35,47,0
0,83,57,62,47,61,53,48,26,30,54,62,67,119,146,79,59,131,93,35,45,28,28,107,243,163,31,41,39,46,61,50,60,215,369,387,345,290,331,311,225,121,40,45,122,136,110,53,41,47,26,12,1,49,57,36,33,23,23,32,34,49,63,87,68,79,49,45,29,24,16,28,52,64,48,25,23,21,24,29,29,44,52,42,48,31,40,17,96,58,70,97,46,43,44,0
0,17,8,68,86,34,51,23,4,31,27,56,78,107,78,28,106,104,46,49,64,48,18,104,229,155,70,73,36,22,55,7,123,245,345,222,40,122,82,136,264,196,53,40,48,55,97,95,87,75,47,22,9,79,86,68,70,49,32,43,24,62,40,36,39,55,35,19,11,35,25,8,11,22,1,10,4,14,10,14,20,34,58,40,16,26,34,26,78,52,67,72,3,19,34,0
0,25,5,58,104,60,35,28,40,48,32,35,60,77,27,66,100,43,16,70,94,51,48,129,173,108,79,72,52,68,29,31,132,237,307,213,179,139,90,32,254,293,62,110,60,30,43,65,69,66,60,42,34,92,110,68,56,38,21,34,12,61,47,10,3,19,18,9,17,34,35,23,18,54,51,51,48,72,45,25,27,6,19,11,24,51,46,48,64,69,90,66,31,11,37,0
0,26,24,28,62,85,50,64,68,79,76,90,107,111,52,63,70,12,42,89,105,8,128,124,87,72,43,36,46,77,33,33,92,180,261,241,180,97,119,108,255,277,44,168,75,79,68,65,60,49,47,40,31,115,89,3,9,12,26,39,45,40,50,11,13,15,14,15,15,33,54,41,43,62,24,54,44,34,25,29,20,31,21,6,50,39,46,60,8,64,54,29,23,22,34,0
0,28,79,63,38,43,52,70,60,44,41,41,71,117,70,46,49,40,89,106,40,88,164,90,21,47,45,14,57,105,104,71,27,111,163,180,136,83,101,142,203,177,54,173,113,53,42,31,37,30,35,32,26,111,66,17,32,12,45,26,5,17,50,16,11,14,18,11,16,35,47,39,18,55,78,36,39,68,46,28,13,50,64,57,42,9,40,40,36,53,7,43,13,15,36,0
0,44,90,71,63,35,39,50,37,30,25,29,4,85,103,9,50,88,70,11,111,147,119,24,33,63,83,37,15,4,36,66,40,78,129,152,120,81,116,157,138,62,44,122,145,18,32,11,30,25,29,25,9,99,81,26,29,33,39,82,76,54,60,24,25,21,28,46,60,51,31,28,13,34,66,68,40,7,14,20,24,35,21,46,66,57,58,68,70,34,18,28,24,38,44,0
0,67,84,60,59,77,51,29,31,10,21,27,46,62,134,75,54,33,71,149,155,107,30,24,61,89,108,55,60,111,97,77,28,37,115,166,115,62,106,99,79,78,82,130,173,13,40,17,45,47,30,10,8,48,107,50,24,33,20,24,46,44,67,34,26,24,35,25,10,35,31,27,33,41,10,48,63,46,38,17,23,35,51,55,14,52,80,86,77,48,39,22,21,14,11,0
0,88,79,32,61,82,22,32,51,11,25,40,83,53,132,147,56,103,168,118,40,4,38,50,61,66,106,151,105,20,26,38,19,9,65,179,164,33,84,46,72,41,23,81,167,54,31,15,25,33,19,31,35,47,133,135,32,35,11,44,60,45,68,40,17,44,32,59,66,67,48,41,44,66,69,50,26,10,37,35,12,24,41,63,51,19,3,2,13,40,48,5,27,16,26,0
0,27,1,34,85,96,46,58,114,99,45,68,98,40,101,172,128,146,106,12,46,39,55,58,36,28,43,160,122,91,123,122,78,29,9,138,190,121,131,111,68,6,24,59,193,117,18,0,19,53,72,38,64,66,71,155,125,25,16,15,62,34,28,39,40,47,29,82,80,36,18,39,18,26,67,88,63,14,33,50,40,30,16,27,54,62,51,48,47,46,39,15,54,47,39,0
0,39,54,39,65,85,69,98,75,96,46,67,91,62,52,132,97,109,28,43,44,24,21,28,30,47,19,142,167,41,45,63,113,101,71,32,173,154,133,33,25,25,76,114,203,164,49,33,42,35,26,47,80,36,12,105,170,146,78,37,59,46,22,10,45,84,77,44,51,28,15,53,49,21,2,15,40,32,19,35,63,67,41,12,39,63,65,61,50,35,12,38,43,11,14,0
0,27,25,14,43,90,81,75,7,77,80,83,104,126,82,42,23,28,30,42,35,21,12,29,65,96,86,82,197,55,151,119,39,69,104,97,91,72,83,33,31,69,93,41,172,183,67,31,28,25,19,66,77,37,38,6,88,134,132,66,65,24,15,25,20,46,76,77,73,49,58,77,106,78,11,36,45,25,7,2,11,21,38,40,32,47,58,63,74,71,57,64,40,8,23,0
0,29,6,23,27,30,41,14,28,15,89,103,107,127,94,65,63,29,39,55,40,5,6,19,32,45,97,62,215,89,57,128,150,119,45,41,93,61,50,74,81,66,22,51,104,152,95,19,21,37,46,40,43,40,40,50,44,62,107,28,36,23,36,29,19,20,32,18,12,21,56,40,35,63,45,44,50,56,48,55,57,58,33,33,30,15,28,51,63,71,73,86,50,30,21,0
0,29,21,23,44,34,38,66,51,54,12,49,48,69,52,67,94,46,55,45,24,3,4,15,50,72,34,33,175,109,34,33,69,116,66,16,56,91,132,60,27,7,39,79,63,86,111,75,44,36,25,21,42,65,76,93,112,76,92,32,25,29,20,10,11,21,16,25,23,35,53,69,69,56,27,40,51,61,57,61,51,38,21,14,38,39,37,61,40,48,68,76,44,35,31,0
0,27,16,18,51,30,52,69,22,62,37,40,43,54,29,31,82,59,95,64,24,10,2,17,14,45,33,58,163,100,50,27,59,66,32,71,90,91,62,33,25,28,80,82,43,18,78,111,135,151,175,177,164,165,194,227,237,163,48,35,28,9,24,22,19,7,22,42,9,32,61,62,39,13,11,22,23,20,4,6,9,24,5,23,13,51,68,26,15,34,73,56,40,28,17,0
0,25,23,10,41,50,68,54,19,41,43,43,32,21,10,32,55,21,41,12,24,13,16,21,41,76,61,43,193,131,115,38,33,62,84,99,73,60,48,33,16,78,100,61,27,23,5,49,99,129,134,102,61,59,135,163,199,214,138,9,48,42,55,34,39,37,39,59,34,3,20,26,37,21,6,8,14,13,7,2,16,21,32,56,66,80,78,12,48,56,64,45,20,12,4,0
0,17,25,9,34,55,59,53,63,77,68,49,41,33,17,36,37,6,29,22,38,19,19,36,52,71,112,91,166,189,148,71,16,43,41,26,34,43,40,7,62,113,101,64,52,60,66,62,51,39,47,93,47,76,105,50,49,180,163,58,25,26,39,42,42,32,7,52,45,38,42,40,50,10,13,22,37,23,2,12,10,12,30,60,45,74,69,55,60,54,63,37,16,19,13,0
0,26,25,20,9,33,36,45,53,59,60,24,28,33,29,39,44,23,23,23,41,36,34,37,31,42,100,175,63,194,139,141,66,31,20,15,8,26,25,50,98,124,97,70,63,61,62,76,85,47,45,129,147,87,53,102,116,159,115,58,26,27,30,43,35,9,32,46,29,24,47,47,25,22,8,19,44,36,23,19,30,20,47,70,48,47,35,67,89,44,11,25,14,2,7,0
0,83,30,34,18,23,34,35,21,14,49,32,41,40,47,40,40,22,34,47,51,39,26,18,12,26,47,223,37,168,104,157,117,70,94,185,222,195,120,63,94,103,74,39,17,20,45,66,87,73,15,58,71,74,55,107,118,130,77,46,19,27,35,44,22,23,11,13,10,44,41,44,26,26,40,41,49,49,21,52,37,39,12,69,104,71,10,64,80,55,26,30,49,36,27,0
0,79,18,46,36,34,30,29,21,17,59,80,74,57,38,30,25,12,23,28,33,23,9,9,21,39,46,160,66,121,48,121,151,120,84,208,209,229,175,41,65,93,87,67,46,30,28,47,70,76,78,71,78,149,82,72,112,92,37,24,16,9,8,22,17,14,14,10,18,34,28,45,55,26,49,40,5,10,14,45,27,35,17,60,93,66,22,63,55,41,46,41,39,20,41,0
0,37,42,55,31,17,9,26,26,49,60,79,77,70,35,27,25,14,23,18,12,10,16,18,12,41,62,76,40,58,11,48,122,159,34,238,118,186,229,98,31,85,90,59,37,18,13,36,58,57,62,89,74,148,88,71,86,69,21,28,43,47,45,67,74,62,50,9,24,25,37,45,54,35,4,6,12,27,17,37,17,27,32,55,62,110,151,107,53,24,44,41,51,37,22,0
0,45,66,38,2,10,32,46,48,68,47,24,33,59,54,40,32,22,21,24,17,11,16,27,31,47,36,31,32,29,16,9,49,156,85,251,191,149,250,192,57,73,87,56,37,29,22,31,52,40,67,108,84,122,56,22,29,30,6,51,49,65,50,25,31,33,65,18,32,39,34,28,28,31,28,34,20,9,19,18,20,32,35,23,43,68,70,67,78,69,38,8,37,45,46,0
0,81,20,32,7,46,71,65,33,45,37,34,29,26,40,37,30,26,35,36,15,6,6,7,27,53,66,55,47,31,8,7,9,95,100,200,163,63,167,187,148,102,96,59,41,30,22,26,48,46,88,110,93,111,31,49,59,77,52,48,35,18,30,11,33,41,75,35,23,28,11,8,16,15,5,17,20,21,13,34,26,19,28,7,42,50,48,13,49,73,67,37,10,14,15,0
0,59,10,29,33,70,55,18,30,33,51,36,26,24,23,26,6,26,35,43,39,35,24,18,18,24,44,21,28,36,5,3,28,44,60,94,122,122,95,103,125,92,67,38,24,21,18,29,46,57,84,51,62,78,60,96,15,25,33,13,37,52,13,41,7,35,69,39,8,27,18,6,17,21,10,16,6,31,33,30,10,20,49,43,53,53,30,70,66,25,52,43,28,17,11,0
0,36,35,12,35,57,36,18,68,33,55,19,11,46,7,34,26,32,41,35,43,55,62,48,26,17,32,24,37,51,49,39,45,12,9,34,68,66,53,27,50,45,41,34,19,11,14,22,29,43,59,12,57,32,78,84,106,61,34,52,40,63,43,42,42,53,60,28,12,36,27,26,43,52,39,13,10,15,30,15,15,29,55,79,52,31,35,64,47,5,38,48,24,7,11,0
0,43,29,17,26,43,34,36,58,32,56,72,71,95,30,28,25,14,22,34,19,22,38,46,32,27,37,39,44,45,35,39,52,49,47,43,30,37,51,51,34,24,22,26,14,6,11,21,25,21,41,40,53,22,84,21,97,90,55,34,5,40,27,38,39,38,21,18,36,55,41,34,18,20,32,36,31,29,27,1,5,14,18,71,103,97,49,39,46,25,6,33,40,39,42,0
0,44,51,33,4,30,54,41,45,19,60,97,92,108,83,21,13,24,41,39,50,39,24,46,35,28,41,39,29,27,25,9,21,33,17,13,21,14,58,36,34,11,21,26,21,24,23,36,8,30,27,64,73,88,56,112,75,110,57,16,1,22,31,37,27,14,43,54,26,45,20,0,5,8,15,33,46,56,46,26,18,15,37,40,25,17,26,16,23,40,23,23,45,54,45,0
0,60,64,42,19,1,28,22,36,27,32,41,21,96,95,17,10,24,36,31,64,58,15,49,28,20,27,44,43,40,17,11,10,31,26,31,14,15,46,23,51,10,20,18,14,4,25,50,17,47,34,67,77,60,29,137,40,111,67,34,27,28,25,26,19,16,22,13,11,38,32,26,24,21,16,27,6,44,24,29,21,34,21,55,40,45,42,6,29,15,24,40,25,76,54,0
0,44,26,44,50,28,64,52,55,41,46,52,33,73,84,45,38,57,68,53,42,51,13,45,22,11,9,41,54,56,37,27,18,41,20,17,22,27,20,35,44,16,11,16,17,12,33,47,39,69,27,50,53,6,7,109,40,130,85,30,18,21,21,16,22,32,11,23,22,30,28,13,14,19,25,46,19,54,25,16,26,34,9,42,12,5,43,6,11,16,27,32,25,42,59,0
0,44,20,16,53,67,65,30,62,45,30,52,36,55,59,72,58,43,37,36,9,36,42,41,17,9,12,29,45,40,16,14,26,42,19,32,34,12,32,55,47,31,28,28,26,25,38,46,36,49,22,36,42,61,56,69,76,122,110,22,16,5,4,24,26,18,13,15,16,21,14,9,15,19,4,36,16,39,16,8,18,29,35,57,57,41,42,21,42,33,22,34,13,9,26,0
0,9,27,11,36,99,89,28,61,63,39,47,24,43,49,82,56,30,32,13,41,31,42,37,18,14,17,24,52,29,11,15,32,38,18,28,12,11,42,52,24,20,24,19,22,27,37,46,31,33,28,21,78,77,84,62,101,96,136,33,32,35,40,41,22,13,6,31,36,10,12,17,12,32,24,28,9,35,25,29,21,19,22,42,59,81,61,30,13,21,6,26,35,28,29,0
0,41,37,19,24,108,114,34,21,44,44,70,89,91,100,74,27,50,61,45,44,29,16,8,12,13,23,40,45,4,14,26,36,56,56,41,25,25,56,74,42,22,11,12,13,17,14,33,45,40,34,3,115,70,128,73,90,49,145,28,18,27,27,36,27,27,28,31,32,39,14,35,28,38,11,21,17,26,37,35,30,24,36,69,60,11,44,62,23,3,27,19,53,33,34,0
0,67,49,58,41,104,107,85,77,44,42,92,86,92,132,58,41,44,47,60,44,35,20,25,7,1,7,18,21,17,23,27,29,41,41,33,28,31,49,84,73,25,28,14,22,39,31,11,38,24,24,19,145,65,167,56,54,35,119,45,7,17,18,9,18,19,24,32,24,59,27,42,20,37,7,23,15,29,48,27,35,27,35,22,43,40,9,64,49,26,38,17,30,24,33,0
0,50,51,81,52,79,71,52,57,45,1,97,122,105,115,44,46,19,30,33,34,7,12,38,34,9,13,19,10,17,12,13,11,13,17,15,18,33,42,91,76,23,33,1,23,32,12,6,38,13,11,45,153,17,176,70,15,30,76,57,2,24,6,33,37,49,43,51,23,47,30,36,22,29,13,20,30,15,39,15,23,14,59,42,30,42,23,43,41,40,45,54,59,45,35,0
0,73,82,74,32,64,60,21,26,55,48,50,62,62,48,18,48,26,35,1,54,28,29,24,28,17,34,34,39,13,9,14,26,37,16,9,34,29,33,87,78,19,32,14,26,37,38,13,48,42,40,61,134,40,174,103,52,18,19,64,17,21,21,54,32,41,58,70,46,34,21,32,33,28,25,7,23,22,21,32,16,11,23,36,33,41,35,26,30,39,35,40,34,31,22,0
0,88,77,61,10,53,48,11,3,10,36,35,33,31,26,36,51,42,23,26,45,26,31,12,27,22,33,17,29,11,10,10,37,42,22,21,57,29,20,82,85,46,71,34,25,23,61,51,48,39,42,73,96,74,162,94,78,49,15,74,34,22,19,50,41,28,41,47,41,26,6,24,10,3,15,24,23,46,28,22,11,16,15,16,18,34,33,37,52,57,49,38,18,21,15,0
0,49,7,30,20,52,36,9,15,11,10,20,23,25,34,46,67,73,25,38,17,33,24,24,34,27,30,31,44,15,12,18,30,33,29,20,51,33,27,74,108,39,70,67,29,12,52,22,23,33,28,83,62,102,140,84,53,87,41,55,52,26,46,73,70,8,21,30,44,41,39,30,21,18,23,40,34,49,42,22,10,20,15,15,30,47,44,35,35,37,49,55,45,40,28,0
0,95,53,10,39,65,40,25,7,24,40,20,24,8,10,16,24,79,81,30,39,34,55,19,36,30,17,12,14,16,3,2,11,15,19,12,47,40,40,63,103,76,34,54,34,38,51,64,81,65,28,111,64,109,144,114,30,100,90,44,57,21,24,68,98,33,15,12,12,31,42,25,16,25,33,41,30,29,54,34,10,30,10,8,23,36,9,20,20,11,24,39,49,64,37,0
0,74,94,69,35,52,28,14,11,19,20,18,34,22,22,9,19,74,101,138,168,143,96,26,47,52,68,78,66,34,13,30,41,34,18,8,39,33,47,75,95,89,14,53,51,60,90,100,90,60,47,124,52,86,115,120,82,64,114,43,21,67,76,30,80,41,34,35,40,34,35,22,25,18,30,41,35,5,50,20,12,24,40,51,60,80,69,46,24,21,29,10,51,74,42,0
0,8,57,116,81,38,13,11,28,23,12,23,34,8,15,18,36,43,61,110,115,123,95,66,81,74,72,66,73,69,52,15,22,27,27,16,29,30,57,96,80,61,35,20,67,84,78,70,57,49,98,130,36,55,88,110,96,13,121,70,15,36,64,50,51,33,17,13,21,27,37,22,11,33,49,41,22,13,21,31,21,14,29,17,16,26,22,23,27,42,55,47,55,63,35,0
0,44,12,125,114,29,13,17,39,31,29,27,12,18,29,36,38,20,20,64,71,100,67,48,36,12,14,11,30,64,76,18,14,46,42,9,25,32,58,108,77,30,45,30,18,26,21,21,29,55,133,139,40,63,87,105,95,45,111,95,41,35,20,22,9,16,15,3,14,18,14,12,29,37,43,24,12,28,24,38,21,41,19,41,48,50,34,12,15,34,66,79,59,33,29,0
0,64,50,92,113,39,25,33,45,17,42,46,18,35,19,22,28,12,24,43,60,75,50,45,66,57,51,26,32,67,73,14,25,40,36,8,18,28,56,101,79,35,38,32,31,34,28,28,36,52,144,142,17,43,67,91,94,63,74,96,28,2,8,19,20,28,38,34,5,24,48,50,35,21,7,23,51,40,38,26,28,35,44,49,29,25,24,28,25,7,3,6,18,29,43,0
0,64,78,64,74,37,27,16,23,19,52,25,9,45,29,7,10,24,26,25,30,38,33,46,64,46,56,35,26,55,52,28,28,36,26,17,30,42,61,107,81,43,28,11,12,32,51,63,52,49,147,137,15,47,58,79,94,59,50,70,89,81,51,3,13,16,7,25,17,5,19,19,25,37,53,59,59,34,46,35,49,42,60,52,34,11,8,25,31,15,35,53,49,29,20,0
0,20,45,55,44,20,15,4,22,56,43,6,13,48,51,17,19,12,37,37,13,16,24,42,45,30,17,29,60,51,29,8,16,31,14,24,28,41,58,128,100,41,27,7,21,43,59,54,37,24,156,109,26,59,69,63,75,52,38,36,86,68,118,6,4,18,19,14,25,36,46,53,75,75,84,78,53,39,45,53,61,32,25,15,32,18,11,19,34,18,22,36,32,39,49,0
0,33,15,28,38,26,9,10,21,41,32,22,30,58,72,20,32,54,59,61,37,102,129,134,83,68,66,55,32,23,56,31,16,25,20,30,19,43,59,155,106,18,24,5,36,47,24,23,59,53,156,71,40,62,54,31,61,64,50,78,136,8,163,36,46,31,14,15,35,54,56,44,81,66,69,59,41,35,24,21,19,21,26,22,6,16,29,25,22,33,47,64,72,56,39,0
0,32,11,24,20,11,13,9,15,35,49,32,30,59,68,48,55,33,50,67,61,147,160,215,152,66,80,101,137,136,144,84,11,20,34,25,35,36,46,166,132,21,14,7,36,47,60,87,33,124,143,39,18,59,64,40,64,60,77,106,160,85,167,94,28,31,17,35,67,56,57,8,57,46,26,10,31,26,16,6,22,36,37,19,28,34,51,40,20,42,60,21,24,21,17,0
0,53,43,44,22,26,14,11,18,36,66,51,5,44,45,41,47,42,40,44,58,117,52,101,101,72,86,97,105,75,123,97,52,31,13,12,37,29,47,169,137,21,10,7,42,79,110,87,81,184,102,24,9,26,56,67,93,49,105,111,121,158,105,169,17,32,26,43,70,13,51,28,40,33,54,55,54,48,45,56,43,30,20,22,50,32,37,32,15,35,52,46,58,51,45,0
0,47,20,48,27,40,37,32,21,28,62,28,22,33,35,27,21,26,18,15,34,89,138,94,41,57,57,49,62,65,127,131,60,38,47,38,20,26,54,179,161,33,13,35,60,88,82,59,184,192,60,52,66,95,119,112,75,25,122,113,58,195,1,190,61,41,18,49,70,35,32,23,39,23,20,47,65,74,72,72,44,31,16,30,70,59,67,52,21,25,30,10,19,23,33,0
0,51,6,46,10,42,20,26,24,36,59,29,33,42,30,32,18,9,19,4,18,29,49,61,64,64,49,29,33,47,99,159,77,20,19,51,22,22,55,176,152,66,66,72,60,54,24,154,216,143,21,65,86,71,48,41,59,40,106,110,14,178,108,143,138,41,10,28,39,59,49,33,25,46,74,62,49,45,81,82,95,79,11,7,34,28,41,19,25,30,47,37,50,35,31,0
0,62,23,41,17,16,8,17,27,13,34,40,38,50,44,33,13,27,27,35,35,28,13,21,57,68,65,49,71,89,89,164,88,32,19,23,30,36,40,159,141,87,105,130,128,84,107,223,193,83,16,43,117,152,102,73,60,40,98,124,11,115,171,47,153,28,9,25,42,44,41,34,22,32,74,37,40,32,109,90,123,105,26,28,26,3,31,22,59,45,57,69,81,71,72,0
0,51,35,16,10,20,14,34,17,12,28,46,45,46,24,9,6,26,15,18,16,36,23,25,30,19,18,32,38,81,101,122,86,15,28,9,42,71,65,120,88,20,21,75,138,101,130,227,152,74,59,62,89,155,90,31,41,38,105,118,27,66,188,54,157,67,28,37,27,31,43,26,7,29,70,41,46,10,124,84,129,121,38,26,25,31,37,60,67,31,31,19,31,15,33,0
0,70,65,32,9,15,34,28,18,27,15,9,6,18,38,33,17,10,40,15,45,81,77,62,24,19,8,30,29,51,28,33,59,27,23,37,37,54,41,93,64,40,31,35,126,133,110,224,128,72,65,57,58,131,113,74,69,105,152,124,67,56,152,115,117,102,12,13,14,35,39,30,28,45,41,27,40,33,98,94,127,99,19,7,3,18,52,77,79,52,48,19,21,26,16,0
0,41,55,50,22,12,50,38,34,34,19,2,11,7,22,54,54,42,17,29,53,94,43,65,28,9,14,8,39,36,2,19,63,25,40,35,20,35,10,79,41,38,25,47,70,124,72,192,121,23,15,22,55,106,108,111,115,128,114,65,62,56,116,177,37,139,25,27,24,20,47,32,8,39,36,23,25,22,39,7,63,48,13,16,19,20,45,39,23,33,56,79,52,23,19,0
0,37,57,57,20,15,43,34,10,31,16,14,33,31,20,49,48,40,40,45,51,63,47,125,171,190,178,130,78,34,16,49,31,10,57,55,49,59,41,79,28,22,7,54,3,71,44,138,126,48,44,36,44,80,62,60,64,78,69,40,62,55,88,195,40,150,81,43,51,32,42,24,14,40,35,54,69,61,16,5,41,48,23,4,12,30,56,38,24,32,9,41,50,37,41,0
0,34,33,39,41,29,22,43,60,43,30,22,20,9,17,37,79,30,60,16,14,40,103,235,282,287,267,230,164,55,36,51,16,74,93,96,65,73,44,70,26,12,9,59,19,30,31,73,107,29,51,76,29,70,70,47,42,58,56,51,73,60,66,162,126,99,161,34,54,28,32,34,4,47,50,53,13,42,11,8,25,57,58,21,22,17,50,39,22,25,21,30,20,14,13,0
0,47,15,10,20,37,6,30,21,13,24,18,28,52,49,43,50,15,28,58,38,42,88,209,166,40,97,196,258,203,93,66,65,105,76,56,36,28,24,36,24,13,11,65,29,9,23,48,113,26,48,52,70,45,101,51,53,82,102,8,82,81,39,91,185,18,194,70,34,18,11,31,20,44,62,103,77,55,8,9,13,26,61,55,33,22,63,58,15,13,38,37,39,46,65,0
0,40,29,19,15,47,28,47,67,66,46,33,31,26,22,36,36,38,18,23,42,53,142,197,78,95,111,10,179,287,222,137,86,81,48,23,60,34,23,30,24,17,22,64,27,37,77,75,131,49,49,34,90,67,94,43,21,39,106,108,132,123,53,24,183,96,159,66,40,27,15,34,12,20,35,67,52,40,31,23,40,32,28,66,94,84,94,56,44,59,75,78,93,89,76,0
0,21,40,37,13,37,37,42,37,43,60,49,32,23,21,32,24,44,54,81,84,96,148,172,24,73,127,163,68,186,195,139,97,52,33,30,69,45,55,63,26,35,29,58,65,67,97,67,128,43,33,38,60,84,66,7,46,25,39,97,104,74,31,61,108,143,138,64,18,18,36,29,22,42,25,18,42,55,60,46,40,37,15,17,33,66,106,74,84,94,79,70,83,90,77,0
0,64,79,94,33,28,35,41,54,15,36,30,27,40,28,32,10,15,57,161,77,111,145,115,89,82,89,92,158,80,113,108,88,18,24,29,59,27,31,87,40,28,25,50,69,60,80,71,124,55,29,21,24,36,53,67,52,21,23,33,10,24,51,67,55,99,55,28,10,15,44,56,43,59,47,35,58,64,51,44,43,31,23,44,21,46,88,90,77,81,83,78,64,53,59,0
0,52,60,89,70,76,80,78,81,54,7,7,27,23,22,35,11,8,44,182,117,101,134,98,130,71,64,28,115,40,53,93,93,53,25,43,50,19,17,58,63,32,27,1,33,13,56,47,91,94,109,90,56,76,84,113,116,87,34,44,6,19,15,36,39,85,135,100,74,26,19,37,12,8,54,58,37,77,59,42,28,33,30,52,24,24,33,48,75,123,103,98,7,20,5,0
0,55,27,68,66,47,29,22,68,61,33,16,46,13,14,45,50,30,37,144,148,146,157,109,125,68,42,27,60,68,60,79,87,67,11,17,36,4,1,14,50,42,43,16,26,19,51,56,41,30,72,92,87,90,58,42,43,77,62,36,18,23,45,58,57,74,153,77,126,13,8,28,13,8,55,84,75,84,87,73,36,58,81,93,64,45,37,9,39,104,40,99,44,35,35,0
0,38,18,29,40,37,46,48,42,46,62,28,57,2,31,24,44,32,22,34,56,88,125,90,82,77,47,57,26,75,84,105,91,65,23,32,40,47,11,16,30,46,59,46,27,20,42,47,46,59,49,45,11,49,32,38,23,33,52,39,36,36,35,37,34,46,141,7,137,32,16,25,39,43,57,67,69,47,47,76,79,19,18,53,68,58,38,25,55,119,28,148,82,15,36,0
0,7,50,64,55,46,38,32,6,49,85,53,50,23,40,41,24,18,19,30,41,69,89,70,43,40,23,53,34,80,87,117,107,77,45,57,41,65,34,20,15,21,29,40,41,31,41,19,36,37,53,74,73,68,46,40,35,8,20,29,32,30,21,19,32,31,92,39,113,51,19,1,6,6,19,31,55,43,25,75,70,89,82,44,21,29,59,36,28,113,26,134,93,4,23,0
0,34,68,64,39,27,11,22,56,37,89,74,52,45,12,24,22,24,33,6,30,36,32,46,43,37,28,61,65,104,81,73,62,44,38,98,24,73,40,18,8,11,12,13,26,18,27,22,13,35,50,57,61,66,55,50,61,51,50,44,38,39,36,29,26,26,62,70,50,80,12,34,26,24,27,25,18,39,40,46,22,65,27,46,66,66,41,14,52,136,128,131,73,20,17,0
0,23,57,39,21,21,27,48,50,15,119,55,35,22,36,14,44,21,13,23,56,40,15,30,53,63,71,70,78,56,11,32,35,17,44,86,26,76,28,5,16,10,18,3,15,20,16,28,19,20,36,33,36,63,63,68,72,77,82,80,63,58,57,58,61,57,56,75,9,78,26,16,16,8,31,34,27,28,25,25,8,44,31,4,52,16,37,77,89,120,118,82,17,26,36,0
0,14,48,54,62,65,61,72,58,63,134,43,50,25,34,11,52,30,11,53,67,17,44,30,56,68,65,61,56,20,77,77,91,32,65,60,3,49,19,24,39,6,13,15,15,13,35,38,57,37,38,33,29,46,38,32,31,12,13,31,23,11,8,14,24,24,39,63,24,51,39,40,31,17,11,11,14,10,18,9,3,13,5,29,39,64,66,52,39,38,48,42,29,24,30,0
0,23,7,19,26,29,32,38,31,61,120,62,42,30,35,23,44,35,14,68,60,17,44,41,10,20,15,22,20,56,104,21,78,7,66,30,20,34,53,55,58,33,26,6,10,19,43,42,68,53,59,44,33,27,32,44,42,39,42,14,22,22,3,14,11,15,64,66,43,38,34,16,30,22,8,17,21,24,28,18,11,12,5,28,24,50,50,11,32,63,70,65,45,20,11,0
0,21,9,9,14,15,13,24,35,28,78,79,48,44,48,48,45,43,65,76,51,6,33,80,116,131,115,98,71,79,91,18,69,38,70,32,32,80,77,88,75,74,80,65,45,33,11,29,48,48,36,38,36,27,42,55,58,56,49,52,16,30,34,24,8,10,74,81,50,59,48,28,38,37,36,31,32,28,24,12,12,2,12,29,35,49,38,7,53,90,87,70,42,15,8,0
0,34,18,21,33,35,42,37,30,16,28,59,25,33,4,32,40,55,57,35,16,10,12,38,72,110,110,128,106,66,74,51,93,88,59,39,66,108,108,122,105,66,77,89,103,74,40,32,51,59,20,16,12,18,58,75,75,56,34,68,47,33,16,14,12,17,64,104,51,36,59,42,38,40,12,15,16,17,18,13,6,7,10,4,29,54,44,29,63,81,39,15,17,8,14,0
0,11,40,33,27,17,19,30,40,48,57,54,31,29,36,33,18,17,21,16,19,19,26,46,61,51,9,59,72,11,50,51,63,77,55,43,65,66,32,62,87,71,42,16,70,53,92,111,133,70,36,46,46,49,85,85,43,21,29,40,26,20,29,21,8,12,58,115,77,8,72,60,18,44,74,88,95,66,39,17,11,15,6,30,40,51,39,19,62,97,92,56,39,35,27,0
0,57,63,25,4,11,8,8,22,25,21,37,19,17,10,12,21,25,30,23,30,27,31,45,61,67,54,30,53,46,42,97,21,40,31,32,52,45,83,65,52,47,20,29,42,83,142,157,155,112,150,147,100,59,78,76,7,31,40,42,32,27,22,12,4,17,32,92,94,26,74,58,34,58,73,73,60,55,38,11,7,21,34,26,39,55,59,27,13,42,72,57,40,39,39,0
0,59,51,36,8,3,9,5,9,20,30,42,28,5,11,6,18,21,4,5,23,23,32,52,59,60,63,48,23,42,58,97,14,36,39,26,49,56,72,78,85,88,45,9,38,62,41,134,109,76,105,121,75,74,63,35,35,55,47,41,26,17,24,27,10,30,69,71,53,45,52,37,53,46,14,6,39,67,44,29,67,96,105,80,61,53,54,58,45,3,48,60,35,12,13,0
0,61,44,53,34,12,18,9,10,13,10,28,28,8,16,7,14,14,18,10,12,44,47,71,62,38,44,44,33,5,44,66,7,50,44,56,59,61,33,38,52,64,55,19,22,87,110,155,56,97,70,106,16,61,49,46,43,62,27,27,11,8,8,23,36,50,86,82,39,8,23,3,28,17,15,27,15,42,80,97,115,103,87,65,72,40,9,28,35,8,12,51,47,2,3,0
0,69,8,46,42,25,26,20,21,21,34,30,19,21,18,7,5,14,16,20,21,45,10,61,47,19,18,23,35,41,62,57,65,70,63,47,45,45,36,37,66,60,77,66,58,30,27,76,51,65,25,52,32,47,5,7,45,67,52,68,51,37,26,44,57,106,94,38,31,28,6,21,18,10,17,40,22,56,91,88,59,3,74,120,113,68,45,41,37,9,21,54,65,14,13,0
0,71,34,29,29,27,38,34,35,35,39,41,33,24,22,26,25,19,14,27,23,22,15,36,61,44,16,7,14,31,53,33,57,60,59,25,24,30,51,56,74,53,57,54,39,28,11,50,44,74,85,86,63,23,10,30,33,34,59,79,44,60,40,5,73,136,82,10,18,23,17,22,22,10,13,38,41,57,25,19,44,92,132,126,76,37,31,10,13,19,34,57,52,23,26,0
0,64,52,29,21,18,19,15,22,25,25,24,28,19,19,11,23,28,2,37,30,21,21,44,75,71,32,20,15,25,40,8,50,34,30,21,20,35,43,49,42,20,59,49,26,26,25,20,14,32,11,32,17,5,19,30,31,21,39,26,64,99,19,68,149,149,52,34,42,36,13,30,25,5,7,24,6,36,61,88,102,99,73,54,26,11,25,23,25,24,35,33,18,49,50,0
0,46,58,42,30,39,84,135,130,88,30,57,92,78,69,32,28,26,4,35,29,38,79,48,62,70,31,35,34,29,38,7,43,37,35,27,20,28,13,16,17,34,76,60,59,30,1,34,50,62,76,61,51,37,35,28,16,26,43,30,77,99,5,94,170,124,64,80,55,51,35,44,36,8,8,46,77,98,91,71,53,26,27,50,33,1,24,34,16,28,34,16,29,50,40,0
0,25,54,83,91,102,118,110,125,81,60,78,89,71,66,44,46,39,40,53,62,72,99,95,82,47,8,29,46,42,38,20,20,34,42,32,26,32,38,50,69,63,45,7,31,3,32,43,31,29,46,50,50,43,51,41,31,19,34,50,56,122,39,110,214,134,93,129,27,20,29,59,59,18,25,64,70,45,35,21,16,26,24,58,30,40,38,32,22,41,41,37,42,44,17,0
0,13,26,41,61,52,39,50,104,64,63,52,16,26,45,48,37,22,12,23,23,9,56,53,68,40,25,11,34,36,35,39,38,46,48,53,32,10,26,48,40,22,14,19,34,35,49,25,8,12,15,25,34,50,66,66,76,45,39,88,42,146,87,83,258,200,87,161,54,12,16,51,83,51,38,70,65,19,14,4,4,22,32,69,61,66,50,30,44,51,31,30,48,58,21,0
0,29,43,17,17,43,55,41,42,47,57,15,6,26,46,52,21,49,67,88,72,50,40,29,28,42,30,6,22,34,51,54,59,69,57,41,30,22,31,35,40,42,34,43,17,3,40,39,39,15,11,11,23,38,33,25,65,42,39,119,20,154,125,10,238,265,22,167,102,7,2,19,73,88,75,59,46,12,3,4,12,25,12,28,64,51,37,6,44,52,4,18,29,57,43,0
0,34,41,2,27,33,37,17,11,27,27,22,27,47,26,52,21,51,54,60,28,25,28,33,14,34,5,12,19,4,9,24,36,26,22,13,5,15,44,30,26,35,14,45,21,55,51,50,31,16,12,21,40,53,40,35,64,52,63,127,27,121,142,129,118,278,101,139,148,30,2,12,37,65,72,54,37,25,24,22,33,45,48,53,19,60,42,14,51,52,30,37,54,66,74,0
0,38,25,31,34,26,10,32,31,14,15,24,25,12,39,53,19,40,77,79,37,13,40,36,44,33,21,25,26,28,13,2,8,12,13,20,23,35,52,41,16,32,33,46,49,54,54,78,71,52,44,40,53,62,60,58,87,98,97,118,74,124,186,222,66,217,217,65,161,52,19,30,34,38,52,50,42,37,34,32,21,25,49,77,29,78,24,38,57,46,35,42,53,57,55,0
0,35,8,30,12,28,37,49,42,24,14,2,16,27,29,21,28,37,36,33,49,37,56,36,57,45,8,22,48,40,30,3,12,13,13,37,49,47,53,52,7,30,41,47,55,76,75,83,61,86,91,72,41,61,53,20,93,147,127,99,78,87,100,176,177,71,200,118,155,74,25,14,12,25,20,9,7,17,21,28,22,36,48,55,21,46,50,63,34,33,38,14,23,33,34,0
0,16,27,28,39,39,36,47,28,11,9,20,24,7,15,32,28,11,18,25,20,16,39,21,55,61,27,36,45,41,26,8,15,1,46,62,45,29,56,46,12,38,25,29,41,36,33,56,73,74,77,85,59,31,43,25,93,167,140,68,57,52,48,100,150,84,85,94,67,69,100,122,136,138,134,121,116,117,119,114,107,100,72,27,24,12,55,42,9,19,40,37,30,19,6,0
0,24,33,7,22,11,8,21,18,24,21,18,16,8,8,9,16,24,9,29,39,52,49,39,39,58,39,47,36,5,30,35,26,29,65,59,31,75,42,28,69,61,36,24,17,14,6,40,79,86,44,62,68,32,20,62,117,143,104,76,92,90,72,44,66,89,18,81,44,94,125,125,120,105,103,118,136,158,163,140,103,73,60,46,45,34,60,38,48,46,55,44,36,33,28,0
0,26,30,28,14,26,18,25,13,23,20,12,3,5,11,23,22,16,10,19,12,9,10,28,31,35,31,57,44,27,6,41,43,51,57,38,22,84,65,84,77,47,51,49,29,4,17,24,71,104,82,39,42,41,42,50,88,82,74,104,115,94,71,42,45,69,35,56,78,133,151,133,95,53,35,11,18,34,66,82,81,79,65,54,43,20,54,69,73,62,61,50,36,34,40,0
0,8,33,44,40,26,13,24,18,29,19,18,10,5,1,14,35,38,29,0,15,14,9,7,30,55,73,84,54,58,43,40,38,40,27,21,9,66,45,45,14,35,68,30,26,16,20,15,35,73,94,62,63,85,89,91,88,41,12,29,59,63,94,86,30,60,55,28,77,126,157,172,159,140,130,113,96,128,159,156,125,95,75,53,39,28,40,65,60,51,62,79,85,74,67,0
0,47,32,17,31,21,17,12,13,26,19,11,20,16,12,21,55,31,44,18,32,41,41,37,40,69,62,89,41,85,87,58,49,21,16,25,29,48,53,20,44,23,73,57,23,36,31,20,29,43,69,45,80,133,142,131,96,69,58,37,14,28,64,89,75,41,58,16,55,66,25,77,98,107,120,128,77,132,107,85,71,56,35,11,28,42,40,41,39,42,49,62,70,53,37,0
0,66,58,49,33,28,34,46,36,13,19,21,36,27,34,37,41,36,22,14,37,45,47,55,85,94,54,71,63,123,96,35,53,24,33,34,12,31,58,40,36,37,59,66,49,45,32,35,39,49,73,67,101,116,95,36,33,23,18,11,19,25,18,50,99,112,60,5,59,83,44,49,67,35,5,81,75,113,99,31,48,63,68,50,61,58,40,29,29,42,37,23,52,43,32,0
0,34,36,29,23,11,19,14,15,22,15,19,40,22,56,51,20,10,7,32,17,19,9,11,51,90,49,81,97,140,73,25,71,39,49,56,15,41,72,56,14,32,36,60,24,33,13,16,15,41,80,78,81,66,64,48,69,44,31,15,28,45,40,44,9,27,38,28,63,88,72,22,30,67,55,58,66,77,120,58,24,8,54,74,69,58,54,52,44,31,18,25,57,59,46,0
0,15,12,30,27,15,10,6,11,21,7,6,28,33,76,58,31,35,29,17,18,28,33,27,15,60,28,79,120,129,36,54,69,43,47,85,30,58,85,74,18,22,34,57,56,32,19,18,20,26,53,55,39,14,57,51,51,33,21,50,24,39,19,16,48,37,48,44,21,79,99,72,3,99,73,6,31,14,89,59,38,38,34,50,53,45,38,38,29,31,40,34,39,69,46,0
0,8,18,34,36,46,48,45,48,53,50,43,32,58,71,34,10,13,28,15,21,24,26,27,12,40,57,108,118,72,15,53,60,59,47,111,68,47,105,88,40,49,35,25,38,31,32,35,54,33,23,13,14,15,26,38,24,22,25,65,65,44,40,34,7,22,27,40,22,42,81,99,26,87,86,48,69,74,53,28,20,53,65,2,24,25,31,19,12,42,43,41,30,60,57,0
0,33,39,35,36,49,48,56,46,39,27,32,14,46,20,40,41,39,36,43,50,21,30,31,13,4,55,60,56,98,109,75,54,70,29,102,104,38,93,106,62,65,88,16,33,35,45,53,45,16,25,26,26,21,32,38,48,13,34,11,17,17,46,26,36,30,45,50,31,22,75,113,48,57,80,35,53,59,46,25,23,39,69,19,46,34,46,33,39,66,55,21,10,65,56,0
0,28,26,19,21,31,28,29,26,32,35,25,19,39,12,56,48,76,38,12,80,40,44,25,15,31,71,33,61,97,86,74,35,73,21,78,95,10,68,115,103,37,117,23,50,35,49,59,9,49,25,6,11,15,48,29,58,20,31,18,22,42,68,24,34,20,18,28,16,10,56,115,57,36,70,10,52,22,44,32,32,28,63,12,52,7,43,22,44,72,56,18,15,75,52,0
0,0,0,0,0,0,0,0,0,0,0,0,0,0,0,0,0,0,0,0,0,0,0,0,0,0,0,0,0,0,0,0,0,0,0,0,0,0,0,0,0,0,0,0,0,0,0,0,0,0,0,0,0,0,0,0,0,0,0,0,0,0,0,0,0,0,0,0,0,0,0,0,0,0,0,0,0,0,0,0,0,0,0,0,0,0,0,0,0,0,0,0,0,0,0,0
