0,0,0,0,0,0,0,0,0,0,0,0,0,0,0,0,0,0,0,0,0,0,0,0,0,0,0,0,0,0,0,0,0,0,0,0,0,0,0,0,0,0,0,0,0,0,0,0,0,0,0,0,0,0,0,0,0,0,0,0,0,0,0,0,0,0,0,0,0,0,0,0,0,0,0,0,0,0,0,0,0,0,0,0,0,0,0,0,0,0,0,0,0,0,0,0
0,127,128,112,126,125,132,127,84,57,33,16,31,62,139,354,14,60,146,12,13,26,77,123,137,138,350,99,0,97,168,353,53,158,135,116,159,90,90,141,0,0,27,82,74,60,82,90,75,94,73,55,71,110,112,99,99,107,119,109,124,6,158,6,126,130,80,86,82,79,152,60,10,153,6,24,138,123,121,95,25,163,145,129,358,132,80,96,135,156,5,0,351,108,64,0
0,128,132,136,48,135,128,119,108,96,56,24,27,45,153,6,15,66,165,3,164,0,160,16,5,358,11,74,94,90,29,357,141,14,24,67,37,127,59,129,113,167,354,113,136,139,70,99,351,67,86,53,59,114,111,86,102,117,120,109,108,144,120,6,116,136,75,82,135,118,160,59,161,66,43,41,105,115,116,106,82,26,138,128,63,29,5,165,164,149,128,97,36,164,20,0
0,123,123,109,102,93,20,139,116,119,125,24,7,63,1,4,356,159,169,160,159,142,102,57,49,78,59,11,58,82,58,9,105,58,37,42,52,146,352,162,139,111,122,93,111,115,72,98,152,167,66,24,30,119,124,82,122,142,133,120,109,127,136,28,2,98,92,65,0,138,108,126,90,57,14,351,35,94,111,116,110,101,63,37,73,88,94,84,49,17,137,92,82,104,102,0
0,90,85,77,96,101,99,71,0,123,115,88,71,101,150,156,139,105,82,42,123,121,88,46,48,150,40,139,140,119,110,80,82,54,29,52,69,356,167,47,32,116,356,79,48,12,22,125,158,141,104,127,142,81,36,15,107,139,133,118,117,147,154,90,35,73,126,104,105,93,110,164,168,65,102,133,124,102,69,59,111,90,80,105,135,143,12,49,61,29,101,74,84,95,96,0
0,91,106,120,95,57,84,80,96,80,101,80,89,107,132,138,135,125,111,49,77,109,70,18,4,352,357,162,158,137,104,18,14,167,0,135,82,37,140,58,111,139,10,39,116,161,150,41,355,127,88,112,116,87,92,146,29,158,162,153,90,160,146,98,54,108,20,60,66,87,126,142,130,74,90,147,121,99,86,115,149,108,150,135,131,112,129,146,99,84,72,72,63,104,140,0
0,129,159,145,100,81,103,119,152,119,156,30,109,109,133,152,351,30,78,36,84,82,80,90,111,43,15,20,1,3,26,165,41,165,157,136,26,90,61,78,138,0,148,135,98,49,45,78,131,97,82,116,113,79,97,138,135,32,14,41,102,6,165,99,26,57,102,136,158,160,119,125,127,133,18,90,96,100,117,135,116,86,96,110,78,131,135,143,96,67,84,63,164,78,126,0
0,114,90,58,91,26,100,114,117,111,351,120,89,96,169,158,161,161,45,14,120,70,99,43,62,81,66,141,160,138,124,57,53,139,167,169,0,45,15,110,355,12,135,161,21,111,130,47,84,78,79,138,119,65,117,152,154,149,146,135,161,20,47,75,23,21,128,114,105,124,156,118,142,135,103,65,62,115,156,156,99,58,87,132,100,83,58,153,75,56,119,135,26,59,90,0
0,107,95,93,100,125,125,0,122,120,122,53,99,135,77,164,152,140,116,111,78,81,95,80,53,105,166,102,97,118,120,66,59,140,98,7,150,162,2,9,15,38,117,155,354,0,356,9,30,90,146,149,117,51,36,21,17,351,166,24,53,96,121,0,162,163,56,97,112,155,161,144,3,16,72,131,154,20,356,17,97,123,98,23,68,95,97,86,5,55,91,98,87,68,74,0
0,99,97,109,121,126,126,129,122,147,127,121,112,165,89,50,8,158,352,45,70,74,101,99,64,112,135,80,82,122,108,93,113,145,135,41,10,0,168,84,15,35,131,130,141,92,46,34,22,143,160,99,147,23,25,26,32,127,70,33,40,125,154,164,155,168,355,0,116,149,146,110,37,41,82,125,141,93,9,7,66,153,141,26,16,90,109,105,146,139,119,45,90,0,26,0
0,90,108,163,158,125,129,139,137,69,162,119,106,114,17,63,76,49,168,354,51,71,124,102,63,114,107,80,92,127,120,144,7,85,80,108,7,110,80,80,35,35,162,163,167,63,39,31,0,41,30,153,153,160,156,143,100,77,73,20,151,41,7,124,102,6,169,156,90,107,121,103,41,20,57,165,158,143,12,354,81,48,90,147,169,0,90,127,138,111,104,93,103,136,63,0
0,94,122,149,121,128,145,134,121,107,125,38,130,125,153,0,83,135,19,353,2,21,130,64,74,107,95,84,117,138,114,159,0,72,117,97,112,75,61,74,53,21,356,6,12,153,21,21,16,164,356,36,95,142,122,112,107,88,58,24,27,94,95,116,114,63,35,63,39,15,138,94,23,164,96,35,350,159,158,155,118,71,116,357,21,65,0,42,90,56,106,110,155,0,56,0
0,95,145,142,139,8,47,162,120,116,131,120,90,12,357,0,53,136,88,13,356,53,98,60,75,136,93,24,168,165,139,157,163,159,100,74,91,96,35,97,69,106,78,13,109,112,3,19,80,126,127,48,90,154,90,109,135,104,37,55,85,79,76,120,119,99,76,95,38,165,28,104,136,106,91,90,24,163,32,119,115,136,118,23,21,71,32,43,141,357,160,9,3,0,105,0
0,90,1,12,28,7,146,16,154,125,118,99,94,85,35,24,42,128,102,42,17,48,81,41,153,18,62,119,12,352,165,5,0,167,19,56,95,111,101,29,57,103,79,77,106,65,153,3,48,352,21,127,86,26,0,353,162,119,60,36,49,54,125,45,164,133,102,86,66,157,20,97,103,86,84,107,113,28,1,113,142,152,18,161,154,65,16,0,5,4,39,41,60,82,35,0
0,148,158,168,152,143,100,86,25,19,79,87,94,85,47,30,81,81,118,2,9,1,21,55,142,159,126,66,143,1,17,25,14,15,14,18,75,96,121,157,169,36,5,98,125,69,152,158,100,43,62,114,98,101,150,15,153,98,71,128,91,69,92,90,73,62,56,30,41,169,357,28,70,71,77,103,117,105,354,101,55,31,57,126,134,96,17,116,16,147,31,26,58,94,81,0
0,158,159,155,125,120,132,146,354,10,357,23,89,80,358,95,76,89,128,151,159,158,162,159,7,167,101,82,136,3,23,30,8,145,136,113,145,25,121,148,153,66,110,131,63,0,158,125,85,54,60,109,104,100,116,105,84,65,72,93,61,56,94,78,78,84,113,163,8,165,155,128,162,17,62,111,135,153,9,98,59,28,46,152,140,94,69,101,129,105,17,167,155,350,58,0
0,113,89,57,35,136,156,138,92,82,52,37,73,99,352,37,42,51,351,163,147,138,137,92,56,79,118,121,19,5,9,8,0,130,97,104,145,352,104,156,157,108,90,168,36,108,148,93,40,49,68,107,124,110,132,159,165,145,73,109,141,90,96,139,101,26,65,122,114,51,159,111,134,153,135,52,30,6,352,161,8,13,143,34,11,161,120,110,100,104,21,353,163,133,104,0
0,91,84,102,116,59,160,115,77,86,75,62,87,119,141,124,104,109,4,149,127,118,108,77,69,102,120,94,65,41,13,0,0,34,63,156,352,354,2,165,164,144,135,21,26,76,128,75,44,54,70,120,1,36,57,33,82,99,72,96,118,96,101,135,84,96,152,107,128,97,153,94,135,135,107,94,58,11,0,7,17,28,36,36,30,45,90,59,70,105,94,32,357,97,88,0
0,17,53,142,122,96,90,90,50,63,80,82,105,132,146,139,145,2,135,129,127,120,101,72,66,158,159,67,58,56,47,51,71,9,163,13,1,167,156,10,1,23,75,46,30,58,106,88,48,28,61,1,17,40,64,71,102,90,30,5,146,102,121,137,71,85,116,104,81,62,77,120,148,128,107,107,86,47,41,24,1,59,59,92,94,80,0,24,45,107,130,160,116,76,84,0
0,106,106,69,158,95,124,146,356,6,30,63,128,132,144,151,167,163,65,34,128,132,144,12,357,2,9,163,20,49,95,117,353,168,26,352,156,153,161,16,0,18,80,72,17,22,70,129,161,154,83,25,18,25,36,81,125,135,53,66,90,48,22,123,45,40,93,108,107,90,99,135,82,76,105,128,98,69,73,15,167,12,23,74,77,87,93,107,100,86,82,90,93,93,99,0
0,164,31,71,107,123,354,353,350,133,148,141,5,0,168,166,161,143,94,68,153,357,152,46,71,144,143,39,20,43,115,116,114,83,82,80,45,19,13,93,159,160,350,71,19,16,37,8,57,117,79,49,39,15,0,14,146,130,141,129,0,32,65,106,94,147,149,47,27,57,77,84,0,14,139,137,85,83,109,33,43,121,97,97,119,7,59,109,86,75,82,86,97,124,136,0
0,57,70,119,16,86,46,3,149,102,132,135,54,50,9,356,355,19,70,138,45,61,129,38,35,358,162,52,15,40,135,93,93,81,85,91,71,60,32,54,157,152,136,124,168,351,117,19,45,87,75,61,63,45,4,104,26,6,165,33,66,53,70,102,107,124,114,70,59,64,63,86,110,101,85,92,121,61,45,358,21,135,74,116,123,135,139,90,159,20,49,90,150,351,165,0
0,36,86,45,67,104,73,102,101,118,132,137,80,53,8,351,161,161,149,19,26,36,30,46,124,136,116,71,27,50,117,66,79,68,67,85,81,74,14,144,0,163,145,132,106,116,102,42,27,45,53,52,126,101,131,107,109,43,30,45,69,77,18,32,133,133,81,66,84,108,56,51,100,106,98,94,96,83,95,147,138,81,113,60,33,129,112,98,112,140,149,63,34,42,45,0
0,131,57,11,141,32,30,61,93,141,149,165,137,37,14,167,153,133,107,73,143,63,34,49,94,117,107,81,36,119,147,17,38,84,47,46,83,16,66,120,34,357,149,130,106,90,93,80,49,13,165,137,41,68,108,111,133,75,133,137,116,67,115,130,45,129,48,70,109,125,66,45,90,104,118,90,90,90,130,157,126,75,96,85,109,21,106,108,116,143,146,58,30,58,153,0
0,94,8,128,128,59,8,4,352,350,157,152,143,39,90,39,0,136,127,119,147,29,12,1,351,163,136,164,54,104,130,157,160,66,16,25,21,18,51,124,57,34,30,14,62,57,92,116,97,45,24,55,41,61,110,142,159,32,82,127,121,59,118,135,95,353,24,57,120,129,104,45,45,87,111,85,49,52,67,19,107,92,85,72,111,130,123,56,23,352,152,56,25,168,10,0
0,0,124,127,16,154,352,122,68,48,25,165,155,36,21,98,128,98,131,147,152,168,152,133,104,60,48,37,59,98,119,128,138,151,8,153,59,7,24,121,65,51,69,99,169,19,111,353,14,118,67,59,65,68,128,167,356,169,150,14,7,156,16,168,114,155,156,139,45,6,36,114,137,138,23,45,55,51,62,116,26,153,8,42,102,121,128,97,28,355,132,82,18,116,154,0
0,90,115,135,8,4,143,87,58,70,87,354,167,23,56,75,97,107,139,167,6,165,126,96,94,92,65,46,67,83,103,124,139,147,146,128,45,16,40,73,61,55,75,127,149,135,75,47,78,105,42,42,70,62,152,351,355,143,110,49,33,87,57,72,147,136,117,104,90,77,87,135,352,131,42,30,159,160,169,128,133,72,139,155,74,22,351,127,354,81,115,93,27,109,127,0
0,82,91,108,85,68,99,68,30,50,32,81,136,152,8,41,99,124,166,5,19,0,122,97,80,80,55,51,75,59,130,154,157,154,125,78,50,43,56,44,27,35,96,357,155,127,80,46,168,161,7,12,70,110,167,169,154,116,69,53,67,90,54,95,163,84,94,86,91,99,130,169,9,51,45,158,80,138,354,80,147,135,15,356,48,53,72,90,70,54,125,86,56,107,90,0
0,87,97,138,66,34,78,114,90,103,35,51,148,154,139,114,101,67,5,0,132,101,166,98,145,147,151,108,106,117,61,48,41,19,149,68,37,36,99,157,141,129,87,26,3,147,13,58,147,44,34,39,67,123,165,169,153,126,48,50,81,96,73,143,3,14,63,63,75,119,144,147,107,58,90,139,56,14,3,97,32,116,119,351,356,14,56,84,94,83,110,107,96,106,72,0
0,41,36,162,82,43,72,149,163,82,1,156,10,359,158,118,120,113,4,166,88,160,17,137,166,68,82,87,104,129,46,13,23,31,151,32,30,34,131,85,143,113,103,55,42,14,25,68,353,38,47,45,62,163,351,164,143,115,48,32,95,145,151,7,13,20,59,14,150,2,150,133,108,73,103,100,66,76,87,29,51,116,81,126,34,33,46,69,95,100,97,104,115,111,87,0
0,140,51,95,84,50,50,352,157,87,108,110,55,19,26,73,95,135,167,156,166,27,47,140,149,37,47,65,129,147,143,138,143,137,42,34,26,31,152,149,149,138,160,353,86,137,166,98,17,23,32,50,163,18,27,40,82,48,40,8,95,30,39,53,39,25,29,63,142,50,12,120,120,91,88,67,60,90,124,149,16,123,116,108,12,3,3,24,83,98,89,94,108,123,124,0
0,99,167,355,18,100,85,24,25,81,126,59,55,29,17,40,111,102,129,350,26,26,33,158,129,56,2,126,6,152,111,84,165,119,61,43,17,356,161,116,104,71,62,68,83,110,122,92,49,6,150,130,47,18,19,37,101,133,132,138,90,0,7,20,51,66,39,75,128,61,113,354,169,122,51,32,31,84,131,138,130,111,69,131,131,139,141,140,127,78,61,58,99,130,126,0
0,165,149,150,145,66,124,5,24,83,115,137,10,12,136,108,108,30,123,167,355,144,108,73,19,116,128,112,65,32,169,109,26,84,61,59,49,34,58,78,75,73,82,81,85,106,109,97,99,8,102,93,83,62,12,4,162,155,146,110,81,71,12,357,354,36,39,84,140,61,85,122,65,86,164,162,137,101,30,132,120,124,133,33,148,7,162,147,135,115,138,354,74,140,121,0
0,65,112,155,12,69,120,163,163,116,48,26,25,0,76,122,152,141,35,3,153,95,95,103,88,89,92,83,86,80,90,126,61,6,26,57,65,67,61,61,64,70,92,96,103,127,128,114,132,352,38,84,95,93,56,25,135,164,151,109,69,101,53,354,109,39,19,90,155,52,72,122,92,72,131,135,107,103,127,74,144,123,122,129,70,10,15,353,166,358,20,20,12,160,124,0
0,78,115,167,5,32,163,358,167,102,37,7,169,119,10,10,355,92,56,57,17,87,87,94,107,115,86,69,83,91,110,142,74,35,45,67,69,60,40,39,45,59,117,100,115,136,144,131,138,358,20,78,132,162,38,27,156,25,0,26,24,16,72,141,139,163,141,102,68,41,56,133,117,67,124,142,88,100,149,137,36,136,119,133,102,350,133,354,17,21,353,136,99,98,95,0
0,48,59,16,0,82,39,29,28,95,142,113,101,108,79,123,116,72,56,113,350,77,51,67,145,147,64,61,66,123,140,137,86,35,27,39,53,3,2,9,9,77,53,40,106,133,134,116,120,353,11,80,163,31,133,128,34,53,81,95,94,67,71,121,144,100,16,45,41,10,358,136,95,61,123,149,357,45,21,154,71,103,41,0,169,116,147,3,19,31,12,104,76,95,96,0
0,90,159,350,156,54,51,38,27,100,132,90,126,163,135,90,71,59,69,357,12,50,18,28,353,355,161,164,168,165,118,83,81,71,19,133,114,16,17,20,42,131,135,158,122,164,150,131,145,351,358,90,359,20,118,100,66,62,98,109,75,48,70,123,130,107,68,69,18,131,151,0,90,21,143,153,353,23,68,65,83,104,81,45,37,42,351,169,168,166,81,45,91,97,85,0
0,90,153,354,152,24,16,160,161,61,30,61,63,74,72,162,18,45,109,164,6,59,49,97,160,167,8,115,149,161,57,60,81,107,136,140,146,22,23,36,78,99,105,105,29,145,144,126,140,355,353,72,19,56,92,100,81,80,113,81,63,33,65,123,128,127,101,53,29,126,153,65,76,111,112,24,0,4,0,19,67,125,86,18,354,55,51,13,147,131,92,61,87,96,41,0
0,60,130,36,37,129,94,120,121,77,84,61,57,104,154,4,355,158,79,162,355,31,64,142,161,147,135,62,153,66,153,1,352,1,12,59,149,168,357,10,71,91,100,118,119,85,103,116,143,354,168,57,31,75,91,120,155,36,33,12,34,354,354,153,143,130,132,356,8,157,351,33,43,135,146,51,5,166,45,24,59,31,56,138,100,45,68,111,137,120,94,66,97,104,80,0
0,169,7,0,16,80,88,116,110,78,100,51,25,351,3,0,129,112,118,24,0,3,80,354,166,160,166,75,21,38,164,147,127,30,0,22,160,151,161,151,105,92,109,355,142,114,64,114,167,355,352,19,7,135,24,15,35,46,112,139,81,100,115,99,60,0,139,161,156,23,44,132,123,63,1,63,21,96,61,133,51,115,31,78,83,32,95,11,0,165,88,54,82,96,85,0
0,29,149,38,357,353,51,114,100,86,142,41,354,0,153,90,85,102,130,94,3,352,71,161,118,145,5,77,128,50,84,94,117,109,2,124,53,168,160,151,106,75,81,109,120,151,49,55,9,357,169,31,355,146,19,15,31,49,141,149,42,70,116,98,88,128,65,356,96,45,69,122,140,350,77,69,0,41,70,14,49,136,121,11,46,34,353,15,17,46,131,355,53,68,85,0
0,166,33,74,45,19,108,108,63,121,141,102,90,26,352,52,68,135,357,36,161,157,112,30,37,1,7,19,143,61,66,91,126,116,101,132,59,101,158,351,11,165,16,152,162,8,14,45,25,7,169,80,18,35,167,357,4,13,9,30,117,114,74,3,66,127,94,20,41,39,74,156,353,13,164,63,67,14,28,3,2,157,143,18,151,113,16,18,113,125,60,43,62,66,77,0
0,143,167,29,77,102,85,81,95,85,57,77,48,51,121,350,0,10,14,45,162,142,101,75,76,77,48,15,109,22,43,29,358,141,132,124,43,72,157,351,18,113,116,65,28,104,27,29,25,24,16,356,7,10,128,139,128,116,55,36,81,106,117,151,9,120,112,108,165,165,107,12,153,122,99,78,84,92,161,142,122,98,42,114,124,90,61,52,79,104,80,59,66,66,76,0
0,23,3,160,60,50,167,29,72,88,82,93,70,55,113,129,112,42,356,101,13,129,95,75,60,69,92,128,56,353,80,61,82,112,145,125,22,153,0,354,163,14,119,122,120,79,53,39,29,25,15,117,148,117,147,98,113,113,91,27,23,133,138,353,15,88,115,130,137,126,98,48,149,104,93,66,94,117,129,108,100,112,90,84,97,77,78,64,66,100,87,60,61,50,66,0
0,159,163,150,101,90,10,5,13,75,72,108,75,40,103,121,107,73,26,351,355,104,34,165,149,141,106,128,92,23,53,156,56,8,154,99,46,14,357,162,136,113,88,62,70,82,80,65,46,22,3,110,149,124,111,101,93,165,90,63,131,72,41,8,12,60,103,113,119,130,110,77,134,96,77,164,56,125,117,109,95,116,111,108,72,48,77,72,71,101,97,101,55,14,36,0
0,355,147,137,102,87,61,65,68,24,19,159,135,168,75,135,96,105,96,93,352,70,160,108,127,135,122,53,12,3,18,20,71,34,29,90,23,119,130,125,120,106,87,71,75,87,84,69,84,160,168,169,351,352,71,71,104,117,147,57,32,65,65,41,16,7,71,103,119,129,123,113,135,92,98,148,149,85,110,137,168,49,25,353,8,11,50,69,82,93,94,108,94,357,130,0
0,7,131,160,91,61,64,97,116,39,80,118,45,43,140,70,50,116,146,9,31,79,128,109,90,113,121,96,65,67,103,106,95,81,39,70,98,98,31,169,134,101,80,62,63,105,106,143,24,81,127,129,69,355,8,7,127,131,130,106,11,352,21,32,14,143,99,113,354,152,142,128,144,95,78,119,132,132,141,358,353,161,3,158,7,0,147,139,353,55,90,132,133,61,82,0
0,10,165,7,356,14,19,147,358,168,59,111,18,135,71,119,124,66,50,40,28,40,158,159,63,58,99,97,88,95,88,93,123,78,50,71,96,103,85,77,95,169,21,358,3,123,88,125,357,31,118,126,121,129,357,149,97,158,125,119,84,29,17,1,0,81,88,107,99,48,33,29,13,15,352,93,110,105,112,64,27,11,116,159,153,145,123,114,105,100,95,76,55,49,67,0
0,163,42,11,132,147,101,70,69,83,71,128,169,34,45,78,97,88,59,131,130,126,43,28,100,165,27,77,104,123,86,26,20,14,29,53,85,107,98,86,104,115,142,2,55,83,85,101,121,126,109,0,165,356,66,72,39,29,146,138,89,65,38,26,98,7,63,95,106,69,45,42,44,60,131,153,60,89,114,88,74,114,90,47,122,143,124,95,90,93,92,91,78,44,23,0
0,163,34,7,109,114,96,97,92,51,74,125,123,91,49,31,90,152,52,100,157,9,8,10,85,126,145,162,120,157,15,47,354,7,11,145,161,95,99,94,135,166,21,39,64,76,79,93,110,115,112,99,43,21,60,0,87,112,83,51,31,75,33,148,91,31,41,75,113,82,38,51,22,14,7,11,4,3,154,129,100,103,98,88,98,128,105,87,74,90,97,108,106,163,115,0
0,90,54,46,69,94,110,155,104,27,69,116,108,111,93,37,123,2,156,65,48,85,158,14,40,126,150,147,129,5,159,122,54,54,83,53,115,138,128,4,38,52,47,35,13,83,87,108,125,126,128,126,92,10,83,58,79,106,112,165,16,150,45,104,87,59,59,87,102,88,88,91,14,0,1,353,142,133,96,18,111,59,101,120,117,91,83,116,14,355,80,137,148,143,68,0
0,86,39,38,60,116,356,0,30,160,142,0,111,131,122,78,81,109,122,59,17,9,358,0,156,38,34,357,147,18,119,86,38,41,129,3,120,159,93,40,42,42,24,146,83,77,93,127,144,141,158,154,148,36,68,58,92,140,164,152,119,76,60,65,80,69,62,84,95,92,112,132,67,30,163,141,97,110,117,105,84,155,164,15,11,132,135,31,98,141,131,130,143,154,16,0
0,104,156,2,84,149,354,115,79,16,96,99,116,147,115,98,91,122,145,122,116,63,36,22,45,33,62,102,94,77,84,71,36,358,168,350,351,165,96,34,32,13,123,67,76,97,128,164,161,138,115,166,351,0,46,62,125,140,147,142,83,60,69,65,59,46,59,88,96,153,5,20,85,84,49,47,130,59,120,110,93,105,106,66,45,91,100,51,104,353,149,26,22,15,42,0
0,161,14,30,85,119,142,352,14,140,135,144,164,350,133,132,60,11,358,0,26,60,69,40,38,31,63,102,100,87,84,85,80,31,14,158,160,3,108,24,14,137,70,47,84,153,2,358,154,136,126,32,3,5,18,69,132,148,351,15,169,18,52,59,58,50,79,129,40,42,36,29,143,141,8,40,100,126,129,119,93,93,108,85,44,74,101,80,356,10,10,40,46,26,13,0
0,84,36,24,127,13,37,77,109,97,50,59,64,69,5,45,87,11,144,105,153,6,57,57,1,3,12,134,117,90,83,106,18,65,121,155,153,84,52,355,133,104,47,25,357,19,18,168,155,153,139,21,356,354,168,75,95,150,168,164,15,8,153,1,11,27,161,37,39,41,149,91,91,105,123,133,126,355,154,141,48,68,108,106,55,45,354,33,34,17,45,10,5,150,120,0
0,101,42,167,78,34,48,104,144,42,26,47,64,122,353,13,126,40,108,70,128,154,14,55,159,168,145,87,86,146,67,161,19,56,136,153,147,125,103,163,100,75,28,12,10,18,2,356,355,351,167,141,350,350,158,87,120,82,132,120,68,28,115,130,122,95,84,62,52,107,55,63,80,99,114,130,133,67,13,141,352,16,76,114,91,356,39,61,55,135,112,32,136,99,104,0
0,165,168,162,45,8,28,133,154,25,16,6,121,29,15,20,96,93,352,36,114,138,146,110,19,12,13,135,3,7,41,10,5,26,358,13,139,156,157,350,111,48,5,36,24,42,19,19,28,29,21,116,164,165,157,136,14,37,121,130,116,150,51,121,127,99,85,45,39,23,33,39,56,95,115,136,140,101,64,120,354,4,41,123,130,158,355,166,93,60,96,107,128,0,29,0
0,62,75,149,61,6,13,155,350,159,164,127,97,47,7,161,6,49,168,9,102,142,129,84,43,35,46,115,124,168,144,18,358,104,30,41,110,135,126,136,116,51,29,16,31,90,11,8,23,24,15,26,161,165,168,27,62,58,135,162,159,142,115,83,111,8,142,351,30,28,57,30,33,100,135,144,137,103,85,96,75,45,45,139,141,119,135,131,72,27,92,133,112,85,71,0
0,55,76,114,88,24,150,58,353,117,124,121,101,54,0,136,143,85,1,168,158,144,110,60,43,48,33,81,115,22,53,21,8,15,27,40,99,147,140,136,102,70,115,160,150,69,128,149,145,149,153,36,353,355,355,350,152,105,50,35,353,143,129,111,36,125,127,38,164,357,45,22,16,5,15,166,137,110,101,90,80,63,82,358,45,10,143,148,102,23,54,149,108,103,104,0
0,25,65,98,83,60,69,155,60,95,135,136,103,88,90,70,29,45,165,136,148,123,59,30,33,93,142,17,85,81,11,21,54,351,13,12,8,353,1,167,74,70,126,131,112,100,132,149,143,144,143,71,6,355,166,120,103,101,78,69,61,90,90,90,167,18,162,23,350,358,350,161,123,82,52,131,115,108,102,77,80,77,145,0,46,90,46,135,83,82,92,126,115,120,136,0
0,55,46,48,67,88,120,116,5,40,350,164,84,70,96,87,103,119,53,98,133,122,350,0,3,26,9,23,44,121,8,2,20,10,13,164,113,157,164,135,39,59,159,133,110,123,153,354,2,2,165,71,11,165,162,129,136,146,62,61,65,91,126,25,117,124,72,22,160,168,139,121,107,100,146,90,131,97,102,102,78,45,161,165,354,53,115,19,64,100,115,128,168,16,46,0
0,32,40,43,21,50,26,53,145,159,353,165,90,356,50,0,150,351,15,37,141,121,156,165,100,61,158,1,358,17,168,151,70,28,10,10,104,132,135,124,101,108,356,165,130,156,160,352,8,37,63,63,168,159,353,19,56,57,156,132,113,85,32,4,90,132,127,138,3,145,114,112,104,100,95,91,90,118,118,42,71,83,60,62,60,32,32,34,49,114,147,152,355,15,58,0
0,1,17,37,87,77,55,75,142,147,19,8,47,97,93,120,131,358,30,23,151,145,169,357,77,29,168,354,164,14,164,143,72,46,36,32,95,120,109,133,145,135,126,163,357,2,168,163,158,131,102,111,45,160,353,358,355,0,21,94,73,96,88,355,154,135,162,132,23,350,120,138,128,101,66,73,96,138,126,35,56,83,70,68,0,69,46,37,52,132,149,143,155,169,2,0
0,5,354,27,65,54,50,106,162,149,50,36,49,82,127,352,45,134,63,20,149,354,0,8,69,129,32,10,142,24,20,352,61,69,79,26,105,48,94,34,21,54,0,9,38,57,24,14,355,131,118,116,66,8,351,350,128,56,143,14,165,105,24,70,127,117,31,45,127,49,163,6,21,68,141,165,85,135,120,50,35,23,93,69,69,79,52,3,1,164,167,165,354,4,21,0
0,144,73,61,62,25,25,1,5,153,33,36,45,90,167,15,49,131,356,117,93,355,155,156,159,88,49,18,34,29,29,48,50,88,1,51,83,96,98,84,15,43,119,12,32,61,54,48,0,158,143,116,70,49,9,357,149,105,352,26,121,95,47,58,105,113,59,83,137,90,151,147,162,163,12,14,81,127,114,69,45,68,104,144,151,100,80,124,136,63,20,34,43,28,24,0
0,97,76,91,98,167,112,38,7,84,32,25,14,26,21,22,36,4,26,102,122,101,130,134,147,162,56,14,41,17,59,37,50,25,43,53,81,97,103,114,87,76,37,159,151,158,154,109,120,145,131,96,77,46,30,12,160,138,15,94,105,156,7,26,104,132,78,53,46,352,126,121,128,126,40,23,116,58,12,0,56,27,66,118,118,84,63,115,146,127,11,12,19,163,122,0
0,73,86,165,34,116,105,51,0,29,15,163,107,54,40,23,67,46,52,126,354,12,67,158,350,351,71,74,45,153,48,34,40,42,48,54,78,103,112,114,117,122,12,137,137,131,123,102,139,153,145,124,45,14,18,42,35,41,43,56,94,136,140,135,90,50,70,71,70,163,79,116,105,114,55,20,50,65,70,66,76,128,133,57,36,71,129,59,358,169,352,163,107,114,132,0
0,3,96,165,1,64,129,85,0,155,152,123,69,45,36,86,41,44,73,355,19,44,67,8,1,350,70,74,99,34,33,116,29,27,23,12,120,58,1,133,144,159,159,1,25,142,131,115,128,136,140,145,57,13,34,78,75,81,64,40,101,161,164,132,104,56,49,72,100,154,146,63,149,156,45,163,26,167,10,19,29,123,128,81,47,68,69,147,353,150,39,20,33,168,6,0
0,144,350,144,153,149,350,14,53,66,72,47,168,351,128,43,22,21,28,14,20,50,3,10,3,142,76,94,147,163,0,356,356,163,153,127,84,74,98,95,3,12,47,355,50,91,162,138,139,143,141,134,78,26,31,61,87,111,95,16,63,351,356,158,108,17,12,71,100,140,162,17,12,33,75,357,53,126,124,144,167,141,128,142,26,64,76,135,141,93,65,67,119,164,137,0
0,45,11,47,169,148,71,37,45,76,86,77,127,141,99,25,13,151,45,26,25,90,19,24,4,131,110,131,3,162,108,64,164,149,134,126,96,84,124,86,24,13,40,3,32,117,90,51,28,6,163,140,63,18,12,75,143,151,2,90,105,32,169,116,53,31,36,39,70,149,5,25,132,157,165,352,163,3,0,1,154,55,121,33,156,133,77,35,125,50,74,122,355,65,93,0
0,137,32,71,98,158,90,41,30,50,80,70,121,149,135,8,164,62,49,46,32,43,34,42,164,4,3,50,102,115,107,119,158,151,141,139,128,108,107,72,31,1,123,15,12,127,116,38,12,354,167,144,55,16,7,23,154,67,137,136,0,19,3,352,0,12,22,0,49,36,10,160,351,129,105,39,118,64,59,20,59,49,99,91,65,49,58,57,148,354,74,24,4,113,110,0
0,103,31,47,135,163,73,58,23,157,99,109,45,150,153,84,108,60,58,138,70,56,43,38,46,166,169,53,109,158,159,0,59,133,151,154,155,114,72,60,54,17,168,4,353,353,159,10,352,163,159,151,26,169,0,160,60,19,112,107,95,117,357,24,128,125,91,81,81,76,29,353,8,75,110,124,126,129,0,168,7,356,71,73,87,119,113,87,61,48,22,358,71,94,118,0
0,86,49,51,135,146,138,168,9,168,65,139,7,118,152,160,56,71,51,76,69,54,51,28,43,136,136,158,57,101,63,38,36,115,150,163,154,89,58,49,51,68,62,149,169,135,165,73,26,48,62,354,90,118,157,155,87,30,43,130,355,5,13,20,142,90,88,120,84,104,110,132,153,350,33,145,131,119,137,353,157,120,113,138,4,107,100,85,78,105,156,357,352,15,160,0
0,77,72,79,8,16,124,127,146,45,38,351,11,73,151,166,142,51,52,71,71,168,49,45,45,120,128,146,150,357,23,13,145,143,144,159,166,36,356,25,20,80,102,168,356,162,150,113,6,164,101,52,158,43,134,157,352,106,94,79,45,31,5,357,141,54,75,7,56,101,119,138,108,105,110,66,24,146,144,156,41,104,127,144,140,149,123,71,120,17,3,99,8,63,109,0
0,32,0,25,33,40,129,55,116,105,91,351,2,34,151,151,108,48,34,161,38,72,62,45,31,126,149,352,167,53,86,117,128,133,106,149,148,73,51,84,61,90,131,141,159,152,26,0,135,98,84,86,7,17,129,154,149,78,10,42,4,14,153,135,90,157,21,150,133,86,23,4,22,55,90,96,106,123,139,126,121,103,68,169,144,127,85,76,102,52,23,71,45,63,100,0
0,88,75,66,166,139,46,41,112,128,143,350,167,156,356,149,90,46,62,9,18,28,8,150,111,70,356,351,352,148,1,99,117,113,125,160,133,91,72,107,2,90,63,90,149,155,95,63,76,83,135,12,14,9,19,138,130,94,95,106,29,52,71,111,82,115,123,32,154,120,50,119,111,54,26,34,12,25,117,117,111,97,104,355,120,113,84,90,108,61,75,21,24,65,0,0
0,41,48,140,115,108,77,24,15,166,149,134,118,118,96,32,59,62,350,19,17,8,118,82,74,70,142,350,353,86,109,97,62,84,110,121,45,67,126,114,106,77,44,102,162,163,123,69,88,51,158,350,162,117,85,8,115,115,121,109,31,27,3,25,43,120,129,90,69,62,42,81,106,114,354,64,26,350,74,26,120,140,164,8,79,105,84,87,96,87,123,163,350,69,51,0
0,5,350,12,23,60,127,33,146,137,126,110,106,127,112,85,145,141,2,9,12,63,63,57,36,27,141,55,11,3,104,115,101,104,90,117,64,91,13,74,73,49,12,26,0,163,150,75,76,50,45,12,145,105,90,126,136,28,6,36,152,97,75,45,23,46,17,51,157,152,7,7,165,164,146,93,112,109,91,94,86,86,48,1,166,42,67,70,91,102,133,149,132,76,63,0
0,5,62,140,164,0,4,26,110,135,122,124,139,161,130,101,140,122,27,24,26,14,0,124,118,124,39,22,12,9,30,114,132,146,138,52,120,65,47,49,56,60,38,40,39,161,146,115,109,139,154,135,110,96,89,103,118,77,21,21,103,99,98,150,90,48,35,61,99,122,143,118,71,49,165,77,97,108,92,92,92,101,74,151,126,149,7,44,81,144,168,166,137,88,79,0
0,357,18,150,164,141,33,15,138,160,103,62,25,168,115,128,154,107,64,70,85,354,0,61,90,160,79,148,165,350,162,61,49,42,358,107,93,52,34,59,76,8,28,40,66,356,130,106,95,101,96,91,91,86,80,87,102,116,106,124,123,57,43,84,107,56,135,158,53,130,116,104,94,108,354,102,64,75,90,80,77,28,53,64,94,8,8,22,58,355,163,158,133,119,96,0
0,11,350,11,145,93,55,39,120,154,114,75,43,166,119,356,169,90,33,75,2,17,90,111,78,41,359,113,147,135,134,106,354,121,94,83,82,62,58,71,162,23,29,41,83,117,78,91,83,93,102,118,133,45,45,75,104,135,145,84,121,88,49,86,157,30,97,139,146,0,95,100,152,154,116,167,3,85,146,26,356,357,25,51,101,56,29,45,68,62,25,7,0,350,0,0
0,150,166,49,98,72,63,63,90,107,100,86,90,91,79,353,353,135,130,84,27,38,75,72,70,44,162,39,142,127,141,137,147,66,49,87,100,78,67,153,31,28,34,55,82,103,120,142,3,60,145,7,26,351,1,352,15,354,165,132,59,38,128,92,39,23,82,161,136,88,90,82,30,45,147,61,118,127,153,131,16,157,1,14,61,59,51,150,24,63,65,49,28,8,351,0
0,124,9,16,60,21,34,58,70,111,143,99,59,107,101,34,31,77,123,99,43,57,73,62,51,11,148,8,148,141,145,146,125,135,168,0,69,133,94,47,33,30,40,63,85,105,127,146,158,351,127,131,102,80,5,129,59,26,17,152,98,53,119,72,47,150,105,38,22,46,77,122,53,23,32,98,63,62,113,143,27,46,155,350,357,14,47,155,162,169,160,16,7,63,119,0
0,130,51,25,56,22,18,14,19,132,160,113,50,106,117,57,36,63,83,80,65,75,72,42,14,167,129,351,122,350,132,140,131,127,75,64,87,112,115,54,23,16,18,27,63,153,165,163,155,145,101,115,96,167,70,117,47,39,46,29,59,118,83,104,110,59,90,22,111,36,49,147,17,96,71,72,74,68,131,16,109,146,108,143,168,355,78,6,354,157,136,19,53,97,109,0
0,351,32,32,67,70,27,158,154,40,116,92,78,114,111,60,40,45,62,65,57,64,139,45,98,98,92,353,144,22,124,133,137,138,57,39,74,122,135,94,169,152,140,122,102,72,10,162,151,135,114,120,70,16,51,109,48,45,54,51,47,40,0,5,33,352,164,56,62,33,8,165,1,72,78,64,111,53,155,147,62,17,356,356,359,352,77,26,14,355,2,2,22,90,114,0
0,21,54,56,63,120,18,357,12,31,72,82,95,137,128,66,85,59,352,161,351,45,149,351,71,64,78,11,355,32,123,124,135,147,31,358,14,141,152,145,138,144,144,135,122,112,355,148,149,123,103,128,68,22,54,85,56,49,79,24,92,109,74,63,71,114,153,161,155,115,103,62,21,1,143,80,51,72,70,3,125,4,95,44,151,99,86,80,80,36,354,149,131,115,69,0
0,37,68,93,0,23,48,70,51,33,50,80,122,144,109,87,100,90,62,46,38,45,142,130,104,137,145,104,126,91,72,135,140,152,112,14,19,129,148,147,119,22,21,43,55,59,87,133,154,99,76,112,80,35,33,59,356,354,15,19,63,98,92,51,22,147,165,40,111,103,93,67,20,157,102,65,67,54,55,157,49,75,39,357,82,76,95,86,77,81,78,144,122,121,93,0
0,15,41,8,66,35,52,82,81,7,140,81,93,160,119,97,119,90,66,62,90,0,90,119,90,120,124,99,117,141,63,113,159,150,117,20,3,16,163,144,118,66,36,49,64,76,97,141,155,61,54,104,104,41,26,21,110,112,88,34,4,80,113,169,130,52,9,21,94,129,120,6,20,34,0,33,81,144,4,154,124,101,157,7,149,135,74,129,48,90,117,122,36,155,97,0
0,10,73,7,61,30,34,86,15,137,123,51,128,357,12,169,26,70,67,64,106,123,80,90,77,131,148,148,353,12,36,33,6,119,112,1,138,80,36,153,125,90,41,33,56,87,98,139,144,40,32,97,151,34,51,148,100,99,101,131,130,128,90,167,66,61,35,33,69,355,3,128,118,121,106,7,8,145,144,34,354,90,168,27,104,125,11,32,38,103,157,135,90,106,153,0
0,124,109,108,25,7,356,64,23,115,169,8,135,167,352,161,49,53,67,59,104,105,87,101,105,153,352,153,138,121,87,100,149,161,32,112,115,91,69,48,353,135,50,33,43,99,135,149,133,18,2,9,165,352,24,135,115,109,78,44,94,136,115,36,49,42,47,63,0,17,43,81,91,103,119,72,138,26,20,137,113,47,121,128,99,41,14,4,6,68,144,152,139,135,127,0
0,123,352,13,351,149,121,82,21,98,138,66,90,141,154,150,52,151,102,126,145,57,88,128,130,126,138,119,122,112,83,115,133,106,84,68,115,125,64,94,90,4,37,35,48,81,109,135,130,5,164,352,101,135,15,27,131,116,108,56,168,352,126,54,41,13,158,102,47,38,70,78,83,122,130,91,95,144,156,45,59,164,108,110,98,82,51,169,124,117,351,147,357,28,71,0
0,357,20,38,11,99,117,99,11,74,95,70,93,142,152,54,67,116,80,121,160,16,82,155,151,98,122,135,350,33,73,53,153,135,90,32,164,102,36,115,160,138,31,29,54,85,126,3,54,352,25,17,49,135,49,21,127,130,130,132,45,122,103,71,37,129,82,100,74,11,2,90,78,39,137,72,96,129,117,127,132,55,115,135,30,120,65,82,167,136,97,12,167,6,52,0
0,153,135,131,115,90,21,48,164,6,16,16,152,169,351,141,138,73,102,67,20,16,97,164,158,67,123,144,142,158,156,10,135,3,49,93,78,14,9,163,4,36,43,29,30,75,25,30,132,16,58,18,8,136,95,25,102,154,157,140,90,88,94,76,53,147,2,131,5,163,137,53,60,97,132,351,116,164,136,160,160,18,108,151,69,79,144,63,75,39,53,82,41,0,169,0
0,25,142,111,125,22,45,77,146,148,122,138,76,356,168,355,52,75,90,86,42,0,77,0,0,26,108,146,143,144,118,59,126,353,165,51,66,51,150,38,29,32,45,20,166,61,14,169,40,24,53,9,145,164,81,17,18,165,160,133,81,71,90,154,41,51,48,34,20,0,3,8,39,72,108,144,111,28,48,25,142,25,130,355,355,59,5,71,104,353,16,37,101,0,146,0
0,77,125,154,165,4,16,103,154,142,114,136,88,23,355,355,14,59,86,112,135,146,79,45,69,0,41,160,357,353,137,102,4,12,354,41,49,85,45,51,69,61,53,75,81,106,132,131,38,10,18,358,68,140,127,164,352,0,358,63,137,68,90,9,27,57,77,132,124,10,0,12,104,135,63,152,107,22,28,75,93,45,79,99,95,138,168,92,96,121,5,166,56,6,114,0
0,150,351,41,167,350,358,79,136,129,127,147,85,45,33,6,163,124,117,50,30,93,91,69,105,121,156,24,2,350,105,137,158,162,99,20,48,10,1,15,63,98,51,40,77,87,118,124,57,30,20,169,19,136,155,119,164,27,3,55,117,109,77,45,32,143,51,108,110,90,99,141,28,142,97,29,77,351,2,17,27,113,61,58,105,122,116,99,157,158,141,158,138,62,51,0
0,139,117,130,61,152,150,126,25,164,1,29,72,124,156,6,154,90,107,97,36,59,119,135,18,98,106,52,22,165,90,133,119,116,99,70,74,112,139,161,1,113,79,114,94,166,123,121,66,75,50,14,9,108,161,107,159,53,357,356,139,111,56,51,85,83,50,60,113,148,164,16,30,160,0,5,59,138,150,30,35,163,83,114,90,350,117,145,155,33,2,81,133,84,43,0
0,118,124,168,22,159,144,112,95,63,23,9,42,140,156,138,101,91,108,102,70,67,144,148,351,0,90,15,354,76,99,123,95,105,117,96,79,104,141,168,0,94,123,151,77,115,93,120,23,85,63,0,8,76,163,128,143,125,8,160,50,35,42,156,81,137,353,23,121,155,152,6,165,4,105,9,31,137,155,19,9,165,356,114,107,128,156,158,127,100,144,132,43,70,104,0
0,132,166,4,17,166,161,115,102,98,135,151,130,45,14,133,110,90,74,111,138,15,61,132,115,113,51,162,73,61,98,126,116,12,13,26,56,74,46,13,0,53,52,0,75,72,90,135,157,116,149,18,5,20,2,28,60,168,19,166,45,11,38,34,83,106,121,138,105,11,358,168,151,356,131,32,358,97,142,86,17,113,137,122,66,354,357,162,134,116,121,93,76,82,101,0
0,47,45,18,17,356,168,111,85,118,129,7,133,45,24,6,19,52,165,0,6,64,130,43,20,49,10,45,131,143,66,113,4,38,104,57,18,61,47,9,11,168,14,94,31,69,129,22,129,113,122,24,359,65,17,37,158,93,356,169,163,163,76,29,47,112,122,123,111,48,164,25,54,114,108,23,126,153,138,126,28,10,149,132,96,45,48,122,141,127,112,84,76,93,108,0
0,59,56,33,37,5,1,135,90,153,136,72,67,137,127,112,142,147,109,112,17,355,151,135,4,147,356,166,15,37,29,78,167,161,32,95,156,135,157,355,14,109,120,76,2,106,36,48,117,130,136,21,2,17,16,28,142,157,153,19,25,95,128,357,21,91,132,137,119,112,164,31,15,75,7,7,99,142,114,12,63,130,86,142,86,48,45,94,115,105,103,101,96,152,160,0
0,74,15,160,75,16,18,32,47,124,48,101,97,96,115,108,126,153,11,124,47,159,58,53,137,136,354,104,57,86,99,83,9,149,42,78,165,159,357,355,1,37,130,111,91,14,22,15,25,22,4,6,6,5,9,13,126,165,156,20,9,77,93,145,159,135,149,133,112,126,137,143,108,93,51,22,53,145,155,28,354,8,63,97,62,52,66,104,120,99,96,104,110,164,22,0
0,108,133,126,60,34,59,87,29,33,41,125,352,159,119,118,124,155,139,86,63,100,91,84,7,41,151,18,0,154,165,71,350,145,57,112,352,354,5,359,356,8,133,136,138,147,116,86,80,71,92,358,24,156,152,151,165,164,159,154,168,166,62,145,157,127,11,0,138,155,154,138,20,49,131,167,3,128,147,76,90,356,78,45,167,356,156,60,81,350,75,117,139,167,4,0
0,109,126,141,8,33,46,132,14,21,357,42,25,124,105,60,83,125,116,79,73,111,127,107,137,91,70,98,113,106,32,88,90,115,122,26,0,161,161,359,358,2,65,148,119,108,88,80,93,94,161,2,23,161,153,151,152,352,0,165,133,108,121,51,352,129,81,83,72,60,35,20,13,9,352,168,167,90,148,120,141,139,75,77,110,118,94,88,99,138,162,29,7,6,5,0
0,29,134,153,163,1,351,15,4,355,120,38,18,140,356,29,52,107,113,68,66,125,140,107,114,93,74,91,109,130,165,68,95,169,16,64,1,350,353,11,11,354,160,115,95,93,84,77,105,132,359,2,0,19,3,169,156,50,2,166,18,96,116,106,20,162,63,51,48,49,43,54,138,111,56,39,15,131,24,28,8,28,59,103,154,148,105,105,102,117,120,75,38,17,6,0
0,165,99,351,350,145,107,96,25,42,135,353,0,27,63,45,36,125,140,154,115,28,359,108,122,109,15,70,356,2,358,22,19,14,28,71,35,32,23,10,8,162,143,143,15,74,76,65,136,159,0,8,63,139,149,152,153,156,355,355,160,106,29,161,77,151,97,161,356,161,155,128,60,74,71,75,61,91,92,22,8,161,124,55,69,83,83,48,47,79,94,83,84,23,158,0
0,128,117,11,354,137,92,90,40,59,22,40,102,8,38,19,353,8,28,110,82,59,66,56,49,63,118,127,37,14,5,164,33,357,12,26,49,0,353,166,169,9,36,5,133,86,87,100,55,26,7,5,51,158,159,159,161,153,0,357,69,18,35,62,57,94,91,117,126,111,98,100,78,54,23,34,48,90,136,15,18,117,87,71,61,73,104,127,151,165,0,141,40,105,111,0
0,110,107,39,357,131,109,90,4,49,32,18,147,3,7,56,111,65,46,41,48,58,64,59,39,68,117,118,57,354,162,122,55,11,166,100,109,133,158,357,3,17,29,59,138,84,81,91,85,49,7,0,108,35,18,6,356,165,358,139,73,116,144,71,149,142,164,157,163,30,55,145,25,91,94,58,45,110,141,41,46,92,78,79,100,105,102,166,169,148,96,80,70,95,104,0
0,22,109,70,44,14,153,165,79,40,43,108,12,7,20,125,92,57,154,0,4,165,165,17,1,60,83,66,90,47,19,150,29,29,4,58,108,146,350,4,11,22,167,119,25,40,68,96,147,16,0,5,32,38,43,32,12,1,8,3,30,126,154,120,63,130,141,15,136,97,101,69,48,72,87,72,70,127,133,61,54,84,71,97,117,116,120,161,157,353,87,114,96,60,79,0
0,10,75,67,65,77,90,84,127,151,165,50,91,132,153,147,77,81,145,354,47,61,104,129,118,64,130,350,10,67,148,155,122,144,110,33,154,166,352,357,4,47,36,38,15,23,43,22,20,4,1,3,52,29,33,18,353,351,18,47,163,35,351,19,94,93,77,60,70,87,111,71,34,54,85,87,112,141,124,33,158,76,113,102,51,100,140,147,142,159,28,88,103,79,76,0
0,49,155,165,19,160,0,0,145,146,159,15,106,141,137,115,129,147,2,162,39,39,86,127,120,67,124,133,70,73,126,135,135,109,96,45,168,0,167,357,2,46,66,45,352,139,88,65,58,16,21,40,160,149,141,145,0,6,6,19,156,353,358,165,94,124,149,32,40,90,134,97,352,154,142,131,356,164,97,56,50,69,111,128,8,60,134,142,147,168,162,100,38,144,141,0
0,104,83,51,72,355,4,37,86,41,21,17,158,13,5,350,135,113,37,153,10,351,138,350,139,101,118,110,63,71,155,151,120,106,122,0,167,168,161,354,353,149,161,45,109,81,77,82,3,18,46,163,45,19,6,29,37,44,0,9,147,354,1,162,125,12,15,353,3,68,150,110,5,126,99,98,57,55,83,72,72,122,116,113,153,143,21,10,11,0,160,100,71,88,94,0
0,155,69,25,85,129,88,72,120,15,8,0,32,5,6,10,32,357,57,28,142,126,116,71,11,114,125,93,43,70,156,155,140,98,108,122,5,107,137,169,353,351,51,50,65,64,78,160,14,21,58,355,37,67,61,50,42,85,358,358,137,350,153,165,127,36,40,158,156,108,21,90,55,107,58,93,77,66,83,86,87,140,86,99,136,114,60,60,79,0,165,5,36,123,107,0
0,168,80,1,100,141,90,74,109,37,13,28,354,12,19,356,353,18,152,75,141,78,119,116,98,61,59,139,3,50,138,162,355,147,84,134,135,52,138,165,161,110,110,150,354,12,55,29,21,25,64,140,161,0,23,168,122,94,10,358,94,162,4,157,130,84,138,351,120,111,101,111,117,47,46,84,106,45,43,74,128,150,84,45,159,114,48,98,9,113,129,83,49,91,122,0
0,152,114,8,139,29,0,51,118,81,146,126,50,31,49,59,53,19,87,109,94,126,67,131,88,74,79,126,115,108,59,16,7,139,128,19,166,165,7,353,160,104,92,126,137,128,56,30,31,36,49,110,135,139,118,104,124,155,357,354,90,163,358,351,159,143,113,115,99,119,135,146,138,25,16,46,147,27,25,67,136,159,31,98,62,33,10,32,25,92,112,80,64,99,112,0
0,153,137,17,111,43,24,33,125,355,107,111,72,21,7,0,108,164,356,115,132,15,65,118,31,21,135,158,101,83,79,31,7,14,163,49,114,123,60,12,0,354,62,138,144,130,40,22,37,62,88,75,124,149,148,153,15,351,14,19,146,156,350,153,357,155,85,83,98,159,0,4,23,147,157,149,12,113,157,126,31,22,45,81,85,110,111,44,41,108,122,64,30,97,125,0
0,121,131,139,23,121,169,355,356,4,148,16,71,150,147,356,149,16,157,86,33,38,75,119,78,21,122,119,61,45,65,353,352,135,12,37,78,132,59,8,351,167,29,83,133,131,43,13,25,72,93,73,130,156,152,139,117,93,47,47,138,142,157,353,0,156,149,135,33,355,355,154,91,63,27,152,46,93,147,109,44,33,34,156,0,96,76,51,57,97,111,126,84,100,86,0
0,137,164,354,35,165,15,31,123,157,111,45,153,90,4,16,60,133,103,122,23,19,62,143,132,36,50,69,35,37,45,130,164,154,20,8,32,353,48,3,0,163,35,34,120,129,65,9,355,14,50,57,156,161,143,120,90,77,56,59,154,149,144,169,15,164,11,83,114,351,162,163,12,25,41,65,131,118,23,150,2,354,90,111,116,8,23,36,19,65,95,117,127,64,38,0
0,27,18,354,122,53,0,169,0,153,115,155,30,93,57,353,2,355,11,94,41,0,98,42,58,86,104,119,137,131,21,52,43,73,57,53,66,126,92,23,26,169,15,8,104,132,104,13,167,103,112,133,9,355,160,133,78,58,57,104,142,143,145,167,357,355,353,74,127,81,20,29,146,167,14,69,100,112,49,111,154,151,124,101,135,155,164,153,138,151,122,164,142,80,64,0
0,30,358,146,99,113,161,123,72,68,104,17,0,60,110,145,143,47,14,162,12,131,65,49,62,84,105,127,146,158,50,35,154,42,63,74,90,114,100,39,40,90,90,1,8,117,110,14,1,97,86,122,90,0,1,44,116,166,22,109,139,155,164,157,350,8,351,36,137,106,40,11,116,155,145,150,108,6,48,139,87,131,148,10,79,3,352,354,39,6,127,41,168,155,41,0
0,66,66,116,92,154,135,5,18,36,131,356,94,79,101,138,147,156,147,131,91,77,35,18,17,65,130,120,133,138,141,136,45,31,51,82,137,126,85,55,55,90,135,1,40,135,9,132,162,143,35,118,150,3,355,24,95,137,156,29,3,11,27,132,161,74,161,119,62,108,0,9,81,116,111,123,106,59,60,161,8,124,142,129,104,105,169,357,160,126,56,69,112,54,60,0
0,94,129,8,86,152,106,56,101,102,94,90,45,90,149,149,142,135,149,123,94,75,28,11,166,79,73,168,128,130,119,113,79,30,8,53,25,70,157,11,58,141,5,0,353,47,44,120,148,126,34,78,137,78,16,156,103,148,133,100,52,43,96,9,158,151,1,134,81,146,0,6,9,73,102,135,123,88,110,115,108,104,355,105,86,115,153,151,88,89,69,75,97,68,64,0
0,104,152,163,26,129,91,51,80,104,111,81,73,152,21,358,124,114,149,32,83,108,29,19,83,38,71,122,121,164,134,120,111,45,10,19,14,63,134,351,43,135,122,132,115,65,35,147,167,133,55,50,112,88,61,156,106,115,119,94,58,40,155,168,142,131,61,62,115,351,162,150,79,120,122,161,105,114,111,91,110,135,132,28,67,135,150,121,76,84,77,77,78,75,92,0
0,70,124,141,128,43,67,106,138,161,142,75,98,142,132,150,135,108,162,14,61,129,10,353,34,39,36,131,143,34,353,145,156,147,139,26,4,0,153,162,147,12,83,104,112,64,24,144,160,121,107,45,28,55,85,103,94,79,2,5,169,116,58,29,111,137,97,57,354,55,125,113,83,115,149,36,90,116,113,104,143,165,9,0,0,151,136,114,78,68,81,89,66,75,106,0
0,35,128,138,109,84,77,96,135,151,45,135,351,4,142,149,145,63,142,150,113,55,160,135,49,75,17,0,149,72,40,159,169,352,92,61,18,137,47,159,137,86,351,90,358,162,168,352,153,86,93,108,75,42,80,100,96,110,100,3,161,351,153,146,119,47,50,99,123,19,124,147,80,165,357,159,71,49,79,111,10,153,140,357,7,155,137,112,70,57,96,130,23,159,45,0
0,351,156,145,118,87,39,167,351,350,8,147,2,81,47,125,123,99,105,129,107,91,133,105,53,112,60,113,131,100,101,21,0,354,127,151,4,123,135,129,143,128,143,116,31,81,119,70,42,53,81,106,95,50,58,105,105,132,127,48,60,115,101,104,101,37,27,104,147,36,144,18,162,125,132,122,90,55,63,122,165,103,110,137,116,69,97,66,32,29,105,350,31,130,133,0
0,39,351,9,26,57,91,66,29,156,137,91,16,0,5,106,125,122,82,98,115,129,137,108,62,121,93,123,102,69,105,62,43,35,55,60,117,116,131,17,137,134,121,92,90,73,70,79,109,145,113,38,52,168,113,79,102,169,139,84,72,78,99,106,103,22,359,164,354,136,40,117,103,88,97,94,92,57,39,354,353,0,164,137,111,90,136,159,169,358,106,165,160,135,139,0
0,0,47,55,60,56,74,75,9,90,138,145,169,7,138,108,51,353,68,61,108,137,135,120,102,133,97,119,98,51,81,78,64,71,113,356,98,138,139,351,352,154,132,92,109,82,29,75,144,136,97,82,97,122,93,88,128,54,140,99,84,65,123,120,72,63,168,140,13,353,165,63,153,45,47,75,108,96,13,12,167,57,92,99,16,9,31,64,27,1,19,351,169,33,135,0
0,56,36,46,69,55,26,33,40,77,356,14,123,149,128,136,5,99,98,63,35,27,161,136,128,131,100,104,85,53,59,80,71,78,145,354,18,0,164,0,77,127,142,81,145,161,147,127,8,104,66,70,107,127,95,93,120,100,82,97,103,98,67,84,141,96,121,142,19,0,108,113,79,106,135,141,83,46,65,14,145,30,129,116,68,71,36,82,85,132,108,43,19,133,86,0
0,0,169,154,98,116,94,52,33,26,13,10,16,161,157,65,1,46,131,25,45,63,119,146,123,96,91,83,79,68,33,123,124,76,20,356,133,22,8,168,165,119,122,56,161,5,61,147,165,84,45,49,109,122,94,95,117,90,84,108,104,79,82,98,104,95,104,149,130,351,118,29,169,77,131,123,87,39,22,157,54,350,41,14,33,139,79,75,73,113,109,73,45,100,94,0
0,151,144,115,91,94,87,54,53,146,350,143,43,106,18,354,161,165,4,353,5,72,358,69,98,95,100,84,68,125,36,95,129,93,34,10,75,10,128,104,168,161,131,7,160,116,133,45,32,71,60,59,88,114,112,131,159,67,57,157,160,56,45,120,87,106,352,351,165,355,123,77,125,113,33,120,86,29,164,126,90,143,168,157,149,48,48,63,64,117,141,156,9,75,90,0
0,94,23,124,94,93,90,42,50,138,148,128,52,95,62,94,2,3,21,12,17,76,145,351,143,0,90,7,31,353,3,152,359,60,11,26,130,98,88,111,135,101,100,51,111,63,110,60,43,58,76,84,93,94,122,161,9,73,105,98,122,105,104,39,94,45,20,23,55,133,137,108,166,355,60,90,100,94,54,64,105,104,111,158,163,17,10,354,66,59,63,47,45,84,105,0
0,146,5,0,39,113,107,133,124,34,153,141,91,54,77,126,148,111,75,47,31,71,112,109,88,75,96,115,106,45,13,164,353,84,28,53,88,62,92,122,120,96,96,91,116,147,45,26,28,24,64,92,94,126,169,4,20,47,109,149,47,113,98,124,135,29,6,19,62,112,137,152,16,40,75,78,82,102,78,90,9,135,57,113,96,35,33,351,34,47,72,73,65,109,135,0
0,55,122,37,55,88,96,115,128,82,17,352,141,14,143,169,126,90,66,47,10,158,19,82,67,65,96,120,116,54,28,88,106,91,68,61,54,51,82,121,119,101,93,91,120,135,121,147,167,6,19,145,128,353,16,28,31,31,133,146,119,93,57,356,151,112,159,351,356,136,163,160,358,355,135,58,97,90,96,107,8,33,164,90,97,42,48,132,154,165,145,82,135,54,167,0
0,149,37,63,56,72,111,109,95,90,76,41,64,126,94,57,60,153,135,86,120,124,119,141,146,156,40,146,151,142,354,25,79,102,106,66,29,21,66,130,120,116,106,110,350,144,71,112,141,148,113,83,83,55,28,28,32,164,54,17,162,116,67,76,113,104,151,164,164,352,0,1,146,122,81,75,102,107,101,130,37,137,71,107,99,144,163,139,130,133,129,92,91,98,79,0
0,82,55,92,36,149,82,144,84,106,56,18,68,103,84,75,79,112,99,77,117,109,106,138,148,138,116,43,167,154,5,0,10,143,149,64,357,125,99,83,48,3,50,72,5,69,70,127,149,94,83,104,101,77,39,19,164,71,78,63,58,72,116,165,126,106,3,168,164,145,356,167,62,94,78,73,118,152,6,45,140,48,41,98,107,137,140,90,36,129,140,119,98,106,94,0
0,55,90,141,353,161,36,30,147,64,84,140,140,36,164,45,122,50,153,18,145,55,88,135,139,128,116,110,34,146,47,21,33,22,39,102,127,77,88,106,79,58,91,36,119,20,126,31,24,45,71,132,107,64,61,25,47,50,81,81,79,99,114,141,11,76,47,28,357,120,20,152,52,73,77,135,36,10,5,46,67,79,73,95,133,141,125,114,116,108,139,140,118,138,126,0
0,17,109,137,130,109,29,73,131,131,111,10,354,167,356,23,132,33,143,150,160,36,76,141,140,126,125,121,105,45,23,7,60,36,36,87,102,73,103,128,47,53,135,132,69,124,77,39,45,151,103,38,90,45,77,78,141,358,45,116,160,90,110,117,140,357,37,59,77,119,43,123,33,40,0,17,19,136,110,73,63,75,91,134,0,24,102,6,3,20,99,169,167,45,75,0
0,358,150,150,137,108,43,84,133,100,74,70,47,136,40,7,68,155,161,25,62,35,78,7,14,27,164,126,111,128,146,110,75,63,48,82,106,74,126,130,26,45,130,119,80,104,353,152,79,20,13,13,358,2,149,129,144,145,109,67,76,142,29,78,142,357,11,43,147,153,135,354,350,0,162,355,74,69,88,76,55,146,50,50,50,69,113,52,20,53,95,28,21,123,167,0
0,163,133,5,160,92,67,88,104,96,67,73,107,97,82,87,128,0,146,2,9,153,121,164,152,145,154,116,132,153,157,88,60,68,54,85,117,57,118,118,36,41,132,123,87,140,5,140,82,63,109,108,68,34,123,93,38,156,90,73,124,1,49,45,20,19,18,163,25,355,160,7,10,48,116,139,65,42,76,2,71,71,56,51,56,79,123,84,355,55,64,35,36,355,19,0
0,147,141,51,27,16,32,140,69,83,83,51,164,137,14,74,146,351,153,163,126,114,5,93,130,133,117,116,356,2,2,165,14,40,66,121,104,45,102,113,44,354,43,51,121,353,149,5,94,137,116,163,130,90,74,72,63,129,23,37,350,9,0,43,40,40,65,18,66,78,68,9,22,53,90,148,9,137,80,65,66,61,42,18,2,105,353,30,99,73,41,6,126,49,56,0
0,141,137,87,75,115,71,67,115,126,70,83,62,93,129,86,50,22,53,168,76,78,156,356,167,161,116,117,138,150,156,129,352,131,90,83,112,165,17,130,23,76,54,63,116,70,90,52,78,100,114,75,62,79,74,65,97,138,152,136,4,2,168,7,19,37,142,12,76,100,101,159,4,75,144,40,65,92,86,62,45,8,149,156,164,135,355,3,45,67,39,25,49,36,52,0
0,108,106,85,83,99,70,68,140,145,62,64,61,114,136,80,87,69,68,101,78,93,133,114,61,58,0,125,137,144,138,119,351,112,92,107,109,136,103,65,60,69,45,60,354,0,17,53,70,77,111,87,76,74,75,90,150,158,152,169,352,350,28,150,167,359,163,355,19,126,119,148,350,40,143,9,29,86,94,52,162,87,118,163,144,72,62,38,32,48,64,105,153,164,160,0
0,162,54,74,81,95,20,119,26,8,52,37,26,351,145,95,88,159,45,350,12,161,352,115,64,100,168,135,161,141,131,109,85,91,80,67,97,53,87,55,50,41,149,49,60,70,26,25,159,24,90,87,78,59,67,100,129,107,123,2,114,162,2,130,164,351,154,164,150,145,97,137,148,129,42,3,352,113,19,116,63,34,119,140,99,83,101,72,32,30,71,119,152,162,152,0
0,352,11,353,76,65,82,80,3,102,52,75,63,49,106,123,131,23,56,124,114,57,60,107,97,28,27,0,147,110,115,100,82,90,92,83,101,108,138,138,98,113,95,39,86,161,121,117,136,165,153,355,38,38,41,110,149,125,147,359,69,168,163,36,351,350,129,165,159,60,26,126,130,115,82,40,17,0,104,104,104,105,98,91,80,107,158,45,6,7,116,6,149,151,130,0
0,16,8,45,49,59,57,137,55,73,40,110,98,47,120,356,15,169,157,31,15,133,91,83,143,10,143,65,49,116,96,97,62,87,131,8,120,113,139,123,74,163,126,12,357,45,122,146,0,137,112,153,11,24,48,93,159,352,24,11,52,153,126,121,0,166,152,163,163,129,90,28,96,112,98,72,55,56,68,100,95,77,129,356,86,357,12,355,14,16,68,105,118,127,107,0
0,34,159,45,54,37,10,3,22,36,82,111,71,351,47,32,21,113,110,74,105,122,29,107,137,147,84,65,83,124,131,161,167,65,4,165,62,55,133,145,64,146,101,30,162,352,38,36,56,76,92,64,30,33,58,90,149,4,25,27,66,104,101,126,142,159,149,18,353,168,78,51,54,94,110,90,79,74,70,111,82,29,351,351,80,24,26,29,32,29,57,84,109,116,105,0
0,57,104,356,51,108,108,41,50,90,81,90,72,70,28,140,110,93,80,81,117,82,52,121,152,157,50,79,86,87,80,33,67,72,12,86,80,72,148,163,56,93,85,66,136,121,54,37,45,71,91,99,54,4,8,60,159,359,9,26,52,71,94,141,148,2,154,96,24,26,92,56,118,87,90,0,119,42,21,355,48,114,28,0,41,158,75,61,50,11,351,0,149,118,96,0
0,64,136,142,56,101,108,40,40,138,32,46,56,75,118,84,112,164,109,71,165,57,36,84,152,160,12,62,70,91,142,6,47,0,23,56,97,160,31,27,12,37,76,104,134,119,46,15,15,40,82,113,97,30,350,110,11,6,5,5,169,136,70,0,148,113,356,135,25,125,81,88,88,92,95,98,88,91,99,78,80,97,85,79,4,85,39,69,122,135,129,117,90,75,63,0
0,148,351,29,18,142,20,351,112,60,64,32,29,165,165,126,20,19,71,63,95,104,98,112,18,351,136,146,145,101,142,133,116,57,33,33,128,2,354,79,75,70,102,145,139,164,71,169,355,357,31,123,118,106,136,88,41,21,356,133,121,107,91,44,350,156,135,13,71,93,75,82,85,93,101,95,83,88,97,90,90,104,100,136,1,115,143,83,50,103,129,112,99,101,91,0
0,167,141,42,135,22,83,151,94,41,66,45,0,143,120,82,45,28,135,135,108,49,153,130,43,1,128,142,121,135,38,132,90,59,40,18,147,162,118,61,72,108,7,52,116,90,107,156,148,144,135,87,34,22,64,58,29,357,127,107,111,104,111,107,37,12,12,151,100,87,107,107,105,98,71,135,132,55,62,73,80,77,73,43,20,95,127,86,66,92,120,122,105,100,94,0
0,35,96,70,140,160,63,43,115,354,42,99,150,21,90,53,40,76,110,0,135,97,49,45,66,72,107,137,127,156,1,124,91,62,33,10,96,148,125,33,8,8,3,1,15,61,135,63,157,143,137,111,52,44,60,66,51,53,14,122,128,105,106,125,117,156,160,116,78,72,99,106,104,94,87,116,108,60,72,83,85,89,93,67,31,35,82,76,78,109,107,106,100,97,94,0
0,129,127,93,10,149,116,141,90,21,351,30,22,115,151,7,33,81,143,108,47,74,98,94,357,31,118,142,149,0,28,91,109,100,7,32,59,135,169,87,117,34,164,158,167,133,63,81,144,154,162,125,43,49,64,83,85,86,116,100,24,85,96,130,144,21,4,37,357,1,92,132,123,99,88,130,128,25,40,92,101,114,139,90,42,49,60,59,79,113,90,102,119,109,91,0
0,132,115,90,68,65,60,88,97,63,130,70,41,77,144,163,160,88,50,50,66,59,86,104,139,149,55,15,22,13,29,102,350,21,169,15,38,352,0,20,94,97,38,33,92,118,82,78,117,117,139,110,45,33,43,88,164,45,26,105,98,152,141,147,120,79,78,0,161,4,32,117,133,139,126,166,160,13,6,93,105,116,126,96,56,54,66,46,69,112,88,131,8,32,79,0
0,150,117,122,114,52,11,155,31,24,100,69,39,77,168,6,160,41,23,40,59,351,143,9,147,147,84,36,32,27,31,353,13,30,354,7,70,167,357,0,68,121,33,353,94,43,107,154,129,99,115,102,42,1,145,85,35,65,112,7,120,136,87,58,126,38,156,30,145,144,134,131,156,1,50,42,17,158,156,112,67,104,110,96,67,63,82,75,74,129,157,15,9,24,64,0
0,31,85,141,111,45,60,135,4,357,113,0,145,72,39,44,97,106,28,353,83,117,101,102,0,155,99,32,28,26,52,358,1,17,146,166,29,140,350,8,45,12,104,121,95,90,111,117,351,26,105,106,69,140,117,101,38,28,117,148,87,29,139,14,135,123,7,158,149,133,135,142,56,351,0,99,350,3,167,129,90,150,37,96,82,57,73,81,88,159,10,13,163,167,168,0
0,352,45,129,102,82,94,82,94,102,105,133,109,48,39,43,106,50,49,121,21,80,103,158,4,143,77,42,32,15,28,19,11,18,113,153,150,16,2,14,63,136,351,101,112,146,10,61,48,57,126,351,351,39,87,103,92,28,52,116,92,73,136,130,135,135,87,21,48,121,154,162,150,355,165,79,83,96,46,355,112,163,1,116,0,125,151,165,151,166,169,4,13,3,166,0
0,67,58,107,94,72,87,94,108,118,147,150,56,19,150,67,107,163,49,102,162,13,145,161,114,90,33,28,153,102,84,89,33,10,74,154,149,65,0,354,25,128,150,110,19,24,31,50,53,135,62,79,31,21,36,81,136,81,164,160,86,156,17,72,43,84,108,44,43,122,156,164,150,166,163,80,47,90,107,96,7,0,355,119,32,108,137,120,57,43,44,45,164,169,353,0
0,60,55,101,92,50,75,99,150,8,24,357,49,22,81,42,127,163,358,114,356,357,353,164,78,157,351,138,89,75,91,132,27,3,33,163,163,146,168,168,1,150,168,120,32,41,18,5,153,15,48,74,355,7,15,49,157,144,163,93,142,12,14,106,27,20,150,20,37,150,164,354,352,152,166,111,0,46,160,143,10,6,352,138,9,352,350,135,46,41,57,135,113,157,169,0
0,0,0,0,0,0,0,0,0,0,0,0,0,0,0,0,0,0,0,0,0,0,0,0,0,0,0,0,0,0,0,0,0,0,0,0,0,0,0,0,0,0,0,0,0,0,0,0,0,0,0,0,0,0,0,0,0,0,0,0,0,0,0,0,0,0,0,0,0,0,0,0,0,0,0,0,0,0,0,0,0,0,0,0,0,0,0,0,0,0,0,0,0,0,0,0
